Top memorizing neurons:
9.334770441055297852e-01,4.300000000000000000e+01,4.000000000000000000e+00
9.332951307296752930e-01,4.200000000000000000e+01,4.000000000000000000e+00
9.190266728401184082e-01,4.200000000000000000e+01,3.000000000000000000e+00
9.146471023559570312e-01,4.100000000000000000e+01,4.000000000000000000e+00
9.140864014625549316e-01,4.700000000000000000e+01,2.000000000000000000e+00
9.117172956466674805e-01,4.300000000000000000e+01,3.000000000000000000e+00
8.578582406044006348e-01,4.200000000000000000e+01,5.000000000000000000e+00
8.535096049308776855e-01,4.800000000000000000e+01,0.000000000000000000e+00
8.513011932373046875e-01,3.900000000000000000e+01,2.570000000000000000e+02
8.483933210372924805e-01,4.000000000000000000e+01,2.570000000000000000e+02
8.455342650413513184e-01,3.700000000000000000e+01,2.570000000000000000e+02
8.414953351020812988e-01,4.100000000000000000e+01,5.000000000000000000e+00
8.397471904754638672e-01,4.500000000000000000e+01,2.000000000000000000e+00
8.373367786407470703e-01,4.600000000000000000e+01,2.000000000000000000e+00
8.307576179504394531e-01,4.400000000000000000e+01,4.000000000000000000e+00
8.254632353782653809e-01,3.800000000000000000e+01,2.570000000000000000e+02
8.231915235519409180e-01,3.900000000000000000e+01,4.000000000000000000e+00
8.231156468391418457e-01,4.100000000000000000e+01,3.000000000000000000e+00
8.189859986305236816e-01,4.300000000000000000e+01,5.000000000000000000e+00
8.025658130645751953e-01,4.000000000000000000e+01,4.000000000000000000e+00
7.999788522720336914e-01,3.500000000000000000e+01,2.570000000000000000e+02
7.993953824043273926e-01,4.400000000000000000e+01,3.000000000000000000e+00
7.977448105812072754e-01,4.500000000000000000e+01,4.000000000000000000e+00
7.971708774566650391e-01,4.100000000000000000e+01,2.570000000000000000e+02
7.937503457069396973e-01,4.900000000000000000e+01,0.000000000000000000e+00
7.886540889739990234e-01,3.600000000000000000e+01,2.570000000000000000e+02
7.873619198799133301e-01,4.200000000000000000e+01,2.570000000000000000e+02
7.858105897903442383e-01,3.100000000000000000e+01,2.570000000000000000e+02
7.853808403015136719e-01,1.500000000000000000e+01,2.570000000000000000e+02
7.821377515792846680e-01,3.700000000000000000e+01,3.000000000000000000e+00
7.770619988441467285e-01,3.800000000000000000e+01,1.990000000000000000e+02
7.767361402511596680e-01,4.300000000000000000e+01,2.570000000000000000e+02
7.741926312446594238e-01,4.600000000000000000e+01,3.000000000000000000e+00
7.719624638557434082e-01,4.700000000000000000e+01,2.570000000000000000e+02
7.683797478675842285e-01,4.500000000000000000e+01,3.000000000000000000e+00
7.675153613090515137e-01,3.200000000000000000e+01,2.570000000000000000e+02
7.642675638198852539e-01,3.400000000000000000e+01,2.570000000000000000e+02
7.565766572952270508e-01,0.000000000000000000e+00,8.100000000000000000e+01
7.535286545753479004e-01,3.300000000000000000e+01,2.570000000000000000e+02
7.529236674308776855e-01,4.700000000000000000e+01,4.000000000000000000e+00
7.506307959556579590e-01,1.600000000000000000e+01,2.570000000000000000e+02
7.506068944931030273e-01,2.100000000000000000e+01,2.570000000000000000e+02
7.504512071609497070e-01,1.300000000000000000e+01,2.570000000000000000e+02
7.449110150337219238e-01,0.000000000000000000e+00,6.500000000000000000e+01
7.448713183403015137e-01,3.600000000000000000e+01,1.990000000000000000e+02
7.415181994438171387e-01,3.000000000000000000e+01,2.570000000000000000e+02
7.406604886054992676e-01,2.600000000000000000e+01,2.570000000000000000e+02
7.399710416793823242e-01,8.000000000000000000e+00,1.360000000000000000e+02
7.387977242469787598e-01,1.700000000000000000e+01,2.570000000000000000e+02
7.382186651229858398e-01,3.800000000000000000e+01,3.000000000000000000e+00
7.372106313705444336e-01,4.700000000000000000e+01,3.000000000000000000e+00
7.323430776596069336e-01,3.600000000000000000e+01,1.000000000000000000e+00
7.313243150711059570e-01,4.100000000000000000e+01,1.000000000000000000e+00
7.312818169593811035e-01,3.500000000000000000e+01,1.000000000000000000e+00
7.302095890045166016e-01,3.500000000000000000e+01,1.990000000000000000e+02
7.298787236213684082e-01,4.300000000000000000e+01,1.030000000000000000e+02
7.298465371131896973e-01,4.000000000000000000e+01,1.990000000000000000e+02
7.293493151664733887e-01,2.500000000000000000e+01,1.340000000000000000e+02
7.286456227302551270e-01,3.000000000000000000e+00,2.080000000000000000e+02
7.286415100097656250e-01,1.400000000000000000e+01,2.570000000000000000e+02
7.283864021301269531e-01,0.000000000000000000e+00,4.200000000000000000e+01
7.278363704681396484e-01,2.500000000000000000e+01,2.570000000000000000e+02
7.273838520050048828e-01,2.200000000000000000e+01,2.570000000000000000e+02
7.259687781333923340e-01,7.000000000000000000e+00,4.000000000000000000e+01
7.255063652992248535e-01,3.500000000000000000e+01,2.200000000000000000e+01
7.249485850334167480e-01,4.000000000000000000e+01,1.000000000000000000e+00
7.245623469352722168e-01,1.800000000000000000e+01,2.570000000000000000e+02
7.237887382507324219e-01,3.300000000000000000e+01,1.070000000000000000e+02
7.235900163650512695e-01,2.300000000000000000e+01,4.800000000000000000e+01
7.233688235282897949e-01,0.000000000000000000e+00,1.130000000000000000e+02
7.230690121650695801e-01,0.000000000000000000e+00,1.930000000000000000e+02
7.227807641029357910e-01,3.700000000000000000e+01,1.000000000000000000e+00
7.224899530410766602e-01,1.500000000000000000e+01,2.410000000000000000e+02
7.215953469276428223e-01,3.800000000000000000e+01,1.000000000000000000e+00
7.212619185447692871e-01,1.400000000000000000e+01,1.000000000000000000e+00
7.208054661750793457e-01,4.600000000000000000e+01,4.000000000000000000e+00
7.201319932937622070e-01,1.400000000000000000e+01,0.000000000000000000e+00
7.179829478263854980e-01,2.100000000000000000e+01,4.800000000000000000e+01
7.179475426673889160e-01,2.700000000000000000e+01,1.180000000000000000e+02
7.172352075576782227e-01,3.900000000000000000e+01,1.000000000000000000e+00
7.171484231948852539e-01,3.400000000000000000e+01,1.000000000000000000e+00
7.169594168663024902e-01,2.900000000000000000e+01,2.570000000000000000e+02
7.161105871200561523e-01,3.300000000000000000e+01,1.000000000000000000e+00
7.159091234207153320e-01,4.100000000000000000e+01,1.960000000000000000e+02
7.156875133514404297e-01,0.000000000000000000e+00,1.710000000000000000e+02
7.154514789581298828e-01,2.800000000000000000e+01,8.000000000000000000e+01
7.147210240364074707e-01,0.000000000000000000e+00,4.300000000000000000e+01
7.143499255180358887e-01,3.900000000000000000e+01,1.720000000000000000e+02
7.133797407150268555e-01,4.700000000000000000e+01,6.600000000000000000e+01
7.118797302246093750e-01,2.600000000000000000e+01,8.000000000000000000e+01
7.118462324142456055e-01,3.700000000000000000e+01,8.900000000000000000e+01
7.109800577163696289e-01,4.700000000000000000e+01,5.000000000000000000e+01
7.109407186508178711e-01,1.900000000000000000e+01,2.550000000000000000e+02
7.108350992202758789e-01,2.300000000000000000e+01,1.360000000000000000e+02
7.098800539970397949e-01,4.600000000000000000e+01,5.000000000000000000e+00
7.098709344863891602e-01,2.700000000000000000e+01,1.110000000000000000e+02
7.092027664184570312e-01,0.000000000000000000e+00,6.800000000000000000e+01
7.091588377952575684e-01,2.700000000000000000e+01,2.570000000000000000e+02
7.091267108917236328e-01,3.100000000000000000e+01,1.390000000000000000e+02
7.090403437614440918e-01,0.000000000000000000e+00,2.250000000000000000e+02
7.083956003189086914e-01,4.000000000000000000e+01,1.650000000000000000e+02
7.083376049995422363e-01,4.700000000000000000e+01,1.700000000000000000e+01
7.082097530364990234e-01,4.200000000000000000e+01,3.800000000000000000e+01
7.082080841064453125e-01,3.500000000000000000e+01,8.300000000000000000e+01
7.080686688423156738e-01,0.000000000000000000e+00,1.550000000000000000e+02
7.079201340675354004e-01,1.100000000000000000e+01,1.000000000000000000e+00
7.076424360275268555e-01,4.300000000000000000e+01,2.000000000000000000e+00
7.068699002265930176e-01,2.200000000000000000e+01,1.370000000000000000e+02
7.067489624023437500e-01,3.700000000000000000e+01,1.210000000000000000e+02
7.061477303504943848e-01,3.800000000000000000e+01,1.350000000000000000e+02
7.061178088188171387e-01,4.300000000000000000e+01,1.670000000000000000e+02
7.060538530349731445e-01,2.900000000000000000e+01,1.030000000000000000e+02
7.057334184646606445e-01,1.900000000000000000e+01,2.570000000000000000e+02
7.056066989898681641e-01,2.800000000000000000e+01,9.400000000000000000e+01
7.055302262306213379e-01,3.400000000000000000e+01,1.210000000000000000e+02
7.053014636039733887e-01,2.500000000000000000e+01,4.800000000000000000e+01
7.049165368080139160e-01,4.400000000000000000e+01,2.000000000000000000e+00
7.047744989395141602e-01,4.200000000000000000e+01,1.030000000000000000e+02
7.046614289283752441e-01,2.000000000000000000e+01,3.200000000000000000e+01
7.044463157653808594e-01,1.200000000000000000e+01,1.000000000000000000e+00
7.043126225471496582e-01,3.800000000000000000e+01,8.900000000000000000e+01
7.027569413185119629e-01,3.600000000000000000e+01,1.210000000000000000e+02
7.022933363914489746e-01,1.800000000000000000e+01,4.300000000000000000e+01
7.017242312431335449e-01,2.300000000000000000e+01,1.190000000000000000e+02
7.013291120529174805e-01,7.000000000000000000e+00,1.890000000000000000e+02
7.008042335510253906e-01,4.000000000000000000e+01,1.030000000000000000e+02
7.004311084747314453e-01,2.500000000000000000e+01,1.370000000000000000e+02
7.001692056655883789e-01,4.100000000000000000e+01,1.650000000000000000e+02
7.000511288642883301e-01,8.000000000000000000e+00,4.000000000000000000e+01
6.995376944541931152e-01,1.100000000000000000e+01,2.570000000000000000e+02
6.994977593421936035e-01,3.900000000000000000e+01,4.700000000000000000e+01
6.992228031158447266e-01,1.200000000000000000e+01,2.570000000000000000e+02
6.991357803344726562e-01,3.900000000000000000e+01,1.210000000000000000e+02
6.989549398422241211e-01,2.200000000000000000e+01,1.390000000000000000e+02
6.987841129302978516e-01,2.200000000000000000e+01,1.360000000000000000e+02
6.984995007514953613e-01,4.300000000000000000e+01,5.300000000000000000e+01
6.984891295433044434e-01,2.800000000000000000e+01,1.110000000000000000e+02
6.980516910552978516e-01,3.400000000000000000e+01,2.080000000000000000e+02
6.979612708091735840e-01,4.700000000000000000e+01,1.500000000000000000e+01
6.979260444641113281e-01,1.300000000000000000e+01,2.400000000000000000e+02
6.977330446243286133e-01,4.200000000000000000e+01,1.000000000000000000e+00
6.976106166839599609e-01,2.400000000000000000e+01,6.000000000000000000e+01
6.973546147346496582e-01,3.700000000000000000e+01,1.990000000000000000e+02
6.972976326942443848e-01,4.100000000000000000e+01,1.100000000000000000e+02
6.971478462219238281e-01,2.800000000000000000e+01,2.570000000000000000e+02
6.971048712730407715e-01,2.900000000000000000e+01,1.220000000000000000e+02
6.963410973548889160e-01,1.700000000000000000e+01,2.370000000000000000e+02
6.962656378746032715e-01,5.000000000000000000e+00,1.890000000000000000e+02
6.955833435058593750e-01,4.200000000000000000e+01,1.650000000000000000e+02
6.955328583717346191e-01,6.000000000000000000e+00,4.500000000000000000e+01
6.955277323722839355e-01,1.300000000000000000e+01,0.000000000000000000e+00
6.954082250595092773e-01,3.900000000000000000e+01,8.900000000000000000e+01
6.953247189521789551e-01,2.200000000000000000e+01,2.070000000000000000e+02
6.951427459716796875e-01,1.200000000000000000e+01,3.000000000000000000e+01
6.950783133506774902e-01,2.000000000000000000e+00,1.060000000000000000e+02
6.950079202651977539e-01,3.600000000000000000e+01,6.100000000000000000e+01
6.948858499526977539e-01,2.200000000000000000e+01,7.100000000000000000e+01
6.948670148849487305e-01,2.100000000000000000e+01,6.400000000000000000e+01
6.947543025016784668e-01,2.700000000000000000e+01,8.000000000000000000e+01
6.944140791893005371e-01,3.500000000000000000e+01,2.370000000000000000e+02
6.943653225898742676e-01,5.000000000000000000e+00,4.500000000000000000e+01
6.943253874778747559e-01,2.100000000000000000e+01,1.650000000000000000e+02
6.941964030265808105e-01,9.000000000000000000e+00,4.200000000000000000e+01
6.941797137260437012e-01,6.000000000000000000e+00,3.800000000000000000e+01
6.938186883926391602e-01,3.100000000000000000e+01,1.400000000000000000e+02
6.937211751937866211e-01,3.100000000000000000e+01,1.000000000000000000e+00
6.934716701507568359e-01,3.300000000000000000e+01,1.210000000000000000e+02
6.934249401092529297e-01,2.700000000000000000e+01,8.600000000000000000e+01
6.930636167526245117e-01,1.800000000000000000e+01,2.550000000000000000e+02
6.928666234016418457e-01,2.300000000000000000e+01,1.200000000000000000e+02
6.926876902580261230e-01,4.300000000000000000e+01,7.800000000000000000e+01
6.926398277282714844e-01,3.400000000000000000e+01,5.000000000000000000e+01
6.923746466636657715e-01,3.300000000000000000e+01,1.990000000000000000e+02
6.923342943191528320e-01,3.500000000000000000e+01,3.000000000000000000e+01
6.923094987869262695e-01,1.200000000000000000e+01,2.900000000000000000e+01
6.922641396522521973e-01,6.000000000000000000e+00,1.360000000000000000e+02
6.922553777694702148e-01,4.100000000000000000e+01,2.400000000000000000e+02
6.921385526657104492e-01,3.900000000000000000e+01,6.800000000000000000e+01
6.919932961463928223e-01,1.100000000000000000e+01,3.000000000000000000e+01
6.916382908821105957e-01,3.100000000000000000e+01,9.400000000000000000e+01
6.909592747688293457e-01,5.000000000000000000e+00,4.300000000000000000e+01
6.909011006355285645e-01,3.600000000000000000e+01,8.900000000000000000e+01
6.908905506134033203e-01,2.500000000000000000e+01,1.090000000000000000e+02
6.908568739891052246e-01,3.800000000000000000e+01,1.650000000000000000e+02
6.907679438591003418e-01,4.000000000000000000e+01,1.200000000000000000e+02
6.907272934913635254e-01,2.000000000000000000e+00,5.200000000000000000e+01
6.906681656837463379e-01,3.500000000000000000e+01,1.210000000000000000e+02
6.905832290649414062e-01,3.800000000000000000e+01,2.370000000000000000e+02
6.905333399772644043e-01,4.500000000000000000e+01,1.700000000000000000e+01
6.904492974281311035e-01,2.900000000000000000e+01,8.600000000000000000e+01
6.902345418930053711e-01,0.000000000000000000e+00,2.090000000000000000e+02
6.901807785034179688e-01,1.600000000000000000e+01,2.410000000000000000e+02
6.901285052299499512e-01,3.200000000000000000e+01,9.400000000000000000e+01
6.899614930152893066e-01,2.800000000000000000e+01,1.200000000000000000e+02
6.899589896202087402e-01,3.300000000000000000e+01,9.400000000000000000e+01
6.896641254425048828e-01,4.100000000000000000e+01,8.900000000000000000e+01
6.896489262580871582e-01,1.000000000000000000e+00,3.300000000000000000e+01
6.893050074577331543e-01,4.000000000000000000e+01,2.180000000000000000e+02
6.891299486160278320e-01,2.200000000000000000e+01,1.220000000000000000e+02
6.891117095947265625e-01,4.700000000000000000e+01,6.000000000000000000e+00
6.887896060943603516e-01,2.000000000000000000e+00,2.080000000000000000e+02
6.886882185935974121e-01,1.600000000000000000e+01,4.200000000000000000e+01
6.884046196937561035e-01,2.700000000000000000e+01,1.390000000000000000e+02
6.878946423530578613e-01,2.000000000000000000e+01,0.000000000000000000e+00
6.878701448440551758e-01,7.000000000000000000e+00,4.500000000000000000e+01
6.877683997154235840e-01,3.100000000000000000e+01,1.200000000000000000e+02
6.874072551727294922e-01,6.000000000000000000e+00,1.880000000000000000e+02
6.873906850814819336e-01,3.200000000000000000e+01,2.200000000000000000e+01
6.873283982276916504e-01,3.600000000000000000e+01,1.040000000000000000e+02
6.871994733810424805e-01,2.000000000000000000e+01,2.570000000000000000e+02
6.871955394744873047e-01,0.000000000000000000e+00,5.800000000000000000e+01
6.871724724769592285e-01,4.300000000000000000e+01,1.530000000000000000e+02
6.871044635772705078e-01,4.100000000000000000e+01,5.000000000000000000e+01
6.870381832122802734e-01,1.400000000000000000e+01,2.400000000000000000e+02
6.870188713073730469e-01,2.000000000000000000e+01,7.100000000000000000e+01
6.870059370994567871e-01,0.000000000000000000e+00,3.600000000000000000e+01
6.869772672653198242e-01,1.700000000000000000e+01,1.290000000000000000e+02
6.869463324546813965e-01,3.900000000000000000e+01,1.650000000000000000e+02
6.869136095046997070e-01,1.800000000000000000e+01,1.900000000000000000e+01
6.867899894714355469e-01,5.000000000000000000e+00,2.900000000000000000e+01
6.867687106132507324e-01,1.700000000000000000e+01,1.130000000000000000e+02
6.866971850395202637e-01,1.800000000000000000e+01,1.800000000000000000e+01
6.866425275802612305e-01,2.500000000000000000e+01,6.000000000000000000e+01
6.866055130958557129e-01,1.100000000000000000e+01,6.200000000000000000e+01
6.864316463470458984e-01,7.000000000000000000e+00,7.000000000000000000e+01
6.864207983016967773e-01,2.600000000000000000e+01,5.800000000000000000e+01
6.862728595733642578e-01,1.800000000000000000e+01,2.600000000000000000e+01
6.862383484840393066e-01,4.200000000000000000e+01,1.050000000000000000e+02
6.862135529518127441e-01,2.000000000000000000e+01,1.280000000000000000e+02
6.859340071678161621e-01,2.200000000000000000e+01,2.080000000000000000e+02
6.856186985969543457e-01,2.700000000000000000e+01,7.100000000000000000e+01
6.856170892715454102e-01,4.300000000000000000e+01,8.000000000000000000e+00
6.854905486106872559e-01,2.200000000000000000e+01,1.340000000000000000e+02
6.854352355003356934e-01,1.100000000000000000e+01,1.080000000000000000e+02
6.850061416625976562e-01,4.200000000000000000e+01,2.350000000000000000e+02
6.849064230918884277e-01,2.000000000000000000e+01,4.800000000000000000e+01
6.848827600479125977e-01,2.700000000000000000e+01,4.500000000000000000e+01
6.847872138023376465e-01,3.600000000000000000e+01,1.100000000000000000e+02
6.846191883087158203e-01,6.000000000000000000e+00,4.400000000000000000e+01
6.844691634178161621e-01,8.000000000000000000e+00,5.800000000000000000e+01
6.844109892845153809e-01,2.600000000000000000e+01,9.500000000000000000e+01
6.842353343963623047e-01,4.000000000000000000e+01,1.410000000000000000e+02
6.842021346092224121e-01,3.000000000000000000e+00,6.800000000000000000e+01
6.840723156929016113e-01,4.300000000000000000e+01,1.580000000000000000e+02
6.838831901550292969e-01,3.400000000000000000e+01,1.390000000000000000e+02
6.838707327842712402e-01,2.700000000000000000e+01,6.200000000000000000e+01
6.838633418083190918e-01,2.700000000000000000e+01,1.340000000000000000e+02
6.837854385375976562e-01,3.100000000000000000e+01,1.030000000000000000e+02
6.837832927703857422e-01,2.800000000000000000e+01,1.390000000000000000e+02
6.837709546089172363e-01,2.200000000000000000e+01,9.600000000000000000e+01
6.837331056594848633e-01,3.100000000000000000e+01,1.380000000000000000e+02
6.837316751480102539e-01,3.000000000000000000e+01,1.220000000000000000e+02
6.836715340614318848e-01,3.500000000000000000e+01,2.420000000000000000e+02
6.835553050041198730e-01,3.400000000000000000e+01,9.400000000000000000e+01
6.835478544235229492e-01,3.100000000000000000e+01,3.100000000000000000e+01
6.834501624107360840e-01,3.000000000000000000e+01,8.000000000000000000e+01
6.834073662757873535e-01,2.400000000000000000e+01,1.360000000000000000e+02
6.834025979042053223e-01,3.900000000000000000e+01,2.440000000000000000e+02
6.833329200744628906e-01,1.900000000000000000e+01,3.200000000000000000e+01
6.832495927810668945e-01,2.600000000000000000e+01,3.200000000000000000e+01
6.832213997840881348e-01,3.900000000000000000e+01,1.640000000000000000e+02
6.830602288246154785e-01,6.000000000000000000e+00,1.890000000000000000e+02
6.828864216804504395e-01,2.200000000000000000e+01,4.800000000000000000e+01
6.828387975692749023e-01,3.100000000000000000e+01,7.100000000000000000e+01
6.826239824295043945e-01,2.400000000000000000e+01,6.200000000000000000e+01
6.826016902923583984e-01,3.900000000000000000e+01,1.990000000000000000e+02
6.825872659683227539e-01,3.300000000000000000e+01,1.390000000000000000e+02
6.825745701789855957e-01,1.900000000000000000e+01,1.800000000000000000e+01
6.825653314590454102e-01,2.200000000000000000e+01,1.760000000000000000e+02
6.824834346771240234e-01,3.100000000000000000e+01,1.840000000000000000e+02
6.824814677238464355e-01,1.100000000000000000e+01,2.700000000000000000e+01
6.824056506156921387e-01,3.200000000000000000e+01,1.000000000000000000e+00
6.823969483375549316e-01,3.400000000000000000e+01,3.400000000000000000e+01
6.822938323020935059e-01,2.300000000000000000e+01,1.110000000000000000e+02
6.822070479393005371e-01,3.700000000000000000e+01,1.190000000000000000e+02
6.821607947349548340e-01,4.000000000000000000e+00,2.080000000000000000e+02
6.821485161781311035e-01,2.100000000000000000e+01,2.000000000000000000e+02
6.820417642593383789e-01,2.800000000000000000e+01,4.100000000000000000e+01
6.820065975189208984e-01,2.400000000000000000e+01,4.800000000000000000e+01
6.819195151329040527e-01,1.200000000000000000e+01,2.400000000000000000e+02
6.818971633911132812e-01,3.100000000000000000e+01,1.000000000000000000e+01
6.817476749420166016e-01,1.900000000000000000e+01,2.370000000000000000e+02
6.817424297332763672e-01,3.900000000000000000e+01,9.400000000000000000e+01
6.816995143890380859e-01,3.700000000000000000e+01,9.400000000000000000e+01
6.816127300262451172e-01,2.900000000000000000e+01,1.440000000000000000e+02
6.815898418426513672e-01,1.800000000000000000e+01,4.400000000000000000e+01
6.815890669822692871e-01,0.000000000000000000e+00,9.000000000000000000e+01
6.815333366394042969e-01,4.300000000000000000e+01,3.500000000000000000e+01
6.814913749694824219e-01,5.000000000000000000e+00,6.700000000000000000e+01
6.814891099929809570e-01,4.300000000000000000e+01,1.400000000000000000e+01
6.810861825942993164e-01,3.300000000000000000e+01,1.870000000000000000e+02
6.810228824615478516e-01,2.600000000000000000e+01,2.000000000000000000e+02
6.809976100921630859e-01,9.000000000000000000e+00,2.700000000000000000e+01
6.809819340705871582e-01,2.100000000000000000e+01,1.660000000000000000e+02
6.808338165283203125e-01,3.500000000000000000e+01,2.070000000000000000e+02
6.807928681373596191e-01,1.000000000000000000e+00,2.020000000000000000e+02
6.807420849800109863e-01,3.400000000000000000e+01,1.990000000000000000e+02
6.806961297988891602e-01,4.000000000000000000e+00,1.890000000000000000e+02
6.806902885437011719e-01,1.900000000000000000e+01,1.280000000000000000e+02
6.806439757347106934e-01,6.000000000000000000e+00,2.190000000000000000e+02
6.806009411811828613e-01,2.000000000000000000e+00,6.800000000000000000e+01
6.804192066192626953e-01,1.900000000000000000e+01,1.750000000000000000e+02
6.803484559059143066e-01,4.000000000000000000e+01,9.400000000000000000e+01
6.802244782447814941e-01,4.300000000000000000e+01,1.590000000000000000e+02
6.799595952033996582e-01,1.200000000000000000e+01,2.700000000000000000e+01
6.796990036964416504e-01,3.900000000000000000e+01,5.000000000000000000e+01
6.796852350234985352e-01,3.700000000000000000e+01,5.000000000000000000e+01
6.796651482582092285e-01,3.100000000000000000e+01,8.000000000000000000e+01
6.796590685844421387e-01,4.200000000000000000e+01,2.180000000000000000e+02
6.794794201850891113e-01,1.500000000000000000e+01,2.540000000000000000e+02
6.793900728225708008e-01,1.400000000000000000e+01,4.000000000000000000e+00
6.793788671493530273e-01,0.000000000000000000e+00,2.100000000000000000e+01
6.793255209922790527e-01,3.300000000000000000e+01,6.400000000000000000e+01
6.792561411857604980e-01,8.000000000000000000e+00,1.400000000000000000e+02
6.792500019073486328e-01,2.300000000000000000e+01,6.200000000000000000e+01
6.791855096817016602e-01,7.000000000000000000e+00,5.800000000000000000e+01
6.791839599609375000e-01,4.600000000000000000e+01,1.400000000000000000e+01
6.790889501571655273e-01,1.800000000000000000e+01,0.000000000000000000e+00
6.790550351142883301e-01,2.000000000000000000e+00,4.200000000000000000e+01
6.790355443954467773e-01,4.400000000000000000e+01,1.300000000000000000e+01
6.790182590484619141e-01,2.400000000000000000e+01,9.600000000000000000e+01
6.789880394935607910e-01,3.600000000000000000e+01,3.800000000000000000e+01
6.787934303283691406e-01,4.000000000000000000e+00,4.500000000000000000e+01
6.787427067756652832e-01,1.000000000000000000e+00,1.060000000000000000e+02
6.787174344062805176e-01,4.100000000000000000e+01,5.600000000000000000e+01
6.786625385284423828e-01,2.900000000000000000e+01,5.400000000000000000e+01
6.786571741104125977e-01,3.600000000000000000e+01,1.010000000000000000e+02
6.785657405853271484e-01,3.300000000000000000e+01,1.860000000000000000e+02
6.785500049591064453e-01,4.700000000000000000e+01,9.300000000000000000e+01
6.784087419509887695e-01,3.900000000000000000e+01,5.000000000000000000e+00
6.784058213233947754e-01,1.600000000000000000e+01,4.300000000000000000e+01
6.783592104911804199e-01,3.900000000000000000e+01,2.400000000000000000e+02
6.783398985862731934e-01,4.600000000000000000e+01,5.000000000000000000e+01
6.783373355865478516e-01,3.800000000000000000e+01,1.640000000000000000e+02
6.783239245414733887e-01,4.000000000000000000e+01,1.730000000000000000e+02
6.782700419425964355e-01,3.900000000000000000e+01,6.600000000000000000e+01
6.781778931617736816e-01,5.000000000000000000e+00,2.030000000000000000e+02
6.781484484672546387e-01,3.600000000000000000e+01,2.370000000000000000e+02
6.780896186828613281e-01,2.900000000000000000e+01,8.000000000000000000e+01
6.780490279197692871e-01,3.600000000000000000e+01,2.180000000000000000e+02
6.779779195785522461e-01,2.200000000000000000e+01,1.740000000000000000e+02
6.778880357742309570e-01,4.200000000000000000e+01,1.960000000000000000e+02
6.777122020721435547e-01,1.800000000000000000e+01,1.640000000000000000e+02
6.777027249336242676e-01,0.000000000000000000e+00,1.860000000000000000e+02
6.776684522628784180e-01,6.000000000000000000e+00,4.000000000000000000e+01
6.776536703109741211e-01,3.200000000000000000e+01,1.460000000000000000e+02
6.776175498962402344e-01,0.000000000000000000e+00,6.400000000000000000e+01
6.775444746017456055e-01,3.500000000000000000e+01,4.700000000000000000e+01
6.774481534957885742e-01,3.700000000000000000e+01,2.050000000000000000e+02
6.773579716682434082e-01,3.000000000000000000e+01,1.110000000000000000e+02
6.773452162742614746e-01,2.500000000000000000e+01,3.200000000000000000e+01
6.772851347923278809e-01,2.800000000000000000e+01,1.420000000000000000e+02
6.772379279136657715e-01,3.200000000000000000e+01,1.400000000000000000e+02
6.771628856658935547e-01,4.300000000000000000e+01,2.510000000000000000e+02
6.770917773246765137e-01,4.500000000000000000e+01,1.400000000000000000e+01
6.768339872360229492e-01,2.500000000000000000e+01,1.390000000000000000e+02
6.767847537994384766e-01,7.000000000000000000e+00,4.300000000000000000e+01
6.767624616622924805e-01,2.600000000000000000e+01,1.390000000000000000e+02
6.766682863235473633e-01,3.100000000000000000e+01,1.220000000000000000e+02
6.766585111618041992e-01,1.400000000000000000e+01,6.900000000000000000e+01
6.766221523284912109e-01,3.600000000000000000e+01,3.000000000000000000e+00
6.766206622123718262e-01,3.000000000000000000e+01,1.390000000000000000e+02
6.765449643135070801e-01,2.800000000000000000e+01,9.000000000000000000e+01
6.764351129531860352e-01,1.200000000000000000e+01,4.200000000000000000e+01
6.764048337936401367e-01,3.600000000000000000e+01,2.330000000000000000e+02
6.762508153915405273e-01,1.400000000000000000e+01,2.460000000000000000e+02
6.761895418167114258e-01,3.700000000000000000e+01,3.800000000000000000e+01
6.761733293533325195e-01,4.600000000000000000e+01,6.600000000000000000e+01
6.760523319244384766e-01,3.900000000000000000e+01,1.810000000000000000e+02
6.759837865829467773e-01,3.400000000000000000e+01,8.300000000000000000e+01
6.759496927261352539e-01,2.600000000000000000e+01,6.000000000000000000e+01
6.759081482887268066e-01,2.800000000000000000e+01,9.200000000000000000e+01
6.756520271301269531e-01,7.000000000000000000e+00,2.010000000000000000e+02
6.756060123443603516e-01,6.000000000000000000e+00,7.000000000000000000e+01
6.755820512771606445e-01,5.000000000000000000e+00,7.000000000000000000e+01
6.755017638206481934e-01,3.500000000000000000e+01,1.850000000000000000e+02
6.754902601242065430e-01,4.100000000000000000e+01,1.220000000000000000e+02
6.754132509231567383e-01,4.600000000000000000e+01,1.700000000000000000e+01
6.754017472267150879e-01,2.700000000000000000e+01,1.440000000000000000e+02
6.753752827644348145e-01,1.000000000000000000e+00,2.190000000000000000e+02
6.753557324409484863e-01,1.700000000000000000e+01,4.300000000000000000e+01
6.753460764884948730e-01,3.200000000000000000e+01,1.200000000000000000e+02
6.752275824546813965e-01,3.800000000000000000e+01,4.700000000000000000e+01
6.751961708068847656e-01,4.300000000000000000e+01,1.760000000000000000e+02
6.751503348350524902e-01,9.000000000000000000e+00,6.400000000000000000e+01
6.750401258468627930e-01,3.900000000000000000e+01,1.480000000000000000e+02
6.750262975692749023e-01,2.000000000000000000e+00,1.960000000000000000e+02
6.748600602149963379e-01,8.000000000000000000e+00,1.890000000000000000e+02
6.748497486114501953e-01,2.600000000000000000e+01,5.400000000000000000e+01
6.748060584068298340e-01,1.000000000000000000e+01,2.700000000000000000e+01
6.747859120368957520e-01,2.600000000000000000e+01,1.110000000000000000e+02
6.747475862503051758e-01,1.100000000000000000e+01,4.700000000000000000e+01
6.746796965599060059e-01,3.400000000000000000e+01,1.650000000000000000e+02
6.745480895042419434e-01,2.400000000000000000e+01,2.500000000000000000e+01
6.745141744613647461e-01,1.600000000000000000e+01,1.290000000000000000e+02
6.745088100433349609e-01,4.000000000000000000e+01,1.820000000000000000e+02
6.743531823158264160e-01,3.900000000000000000e+01,4.100000000000000000e+01
6.743313670158386230e-01,1.600000000000000000e+01,2.400000000000000000e+02
6.741423606872558594e-01,2.500000000000000000e+01,2.360000000000000000e+02
6.741214990615844727e-01,2.300000000000000000e+01,6.300000000000000000e+01
6.740505695343017578e-01,2.200000000000000000e+01,1.560000000000000000e+02
6.740456819534301758e-01,1.600000000000000000e+01,8.100000000000000000e+01
6.740390658378601074e-01,3.500000000000000000e+01,1.650000000000000000e+02
6.740283370018005371e-01,4.000000000000000000e+01,5.000000000000000000e+01
6.739009618759155273e-01,2.900000000000000000e+01,6.800000000000000000e+01
6.738983392715454102e-01,3.600000000000000000e+01,4.700000000000000000e+01
6.737086176872253418e-01,2.400000000000000000e+01,6.100000000000000000e+01
6.736020445823669434e-01,2.400000000000000000e+01,4.600000000000000000e+01
6.735811233520507812e-01,4.000000000000000000e+01,8.300000000000000000e+01
6.735715866088867188e-01,2.300000000000000000e+01,1.370000000000000000e+02
6.735519766807556152e-01,4.000000000000000000e+01,5.000000000000000000e+00
6.733781695365905762e-01,2.500000000000000000e+01,1.360000000000000000e+02
6.733499765396118164e-01,1.000000000000000000e+00,4.900000000000000000e+01
6.733042001724243164e-01,2.700000000000000000e+01,1.400000000000000000e+02
6.732964515686035156e-01,2.200000000000000000e+01,1.120000000000000000e+02
6.731956005096435547e-01,1.300000000000000000e+01,3.000000000000000000e+01
6.731817722320556641e-01,1.100000000000000000e+01,3.100000000000000000e+01
6.730998754501342773e-01,1.100000000000000000e+01,2.900000000000000000e+01
6.730644106864929199e-01,3.500000000000000000e+01,1.410000000000000000e+02
6.730573177337646484e-01,3.100000000000000000e+01,1.570000000000000000e+02
6.730211973190307617e-01,3.000000000000000000e+01,1.840000000000000000e+02
6.729897856712341309e-01,4.100000000000000000e+01,1.030000000000000000e+02
6.729779243469238281e-01,2.800000000000000000e+01,7.400000000000000000e+01
6.729183793067932129e-01,3.300000000000000000e+01,5.000000000000000000e+01
6.729137301445007324e-01,3.500000000000000000e+01,6.100000000000000000e+01
6.729100346565246582e-01,1.200000000000000000e+01,6.200000000000000000e+01
6.728760004043579102e-01,2.900000000000000000e+01,5.000000000000000000e+01
6.728202700614929199e-01,2.400000000000000000e+01,4.500000000000000000e+01
6.728196144104003906e-01,2.000000000000000000e+01,1.650000000000000000e+02
6.728014349937438965e-01,3.100000000000000000e+01,1.190000000000000000e+02
6.727579832077026367e-01,2.700000000000000000e+01,1.220000000000000000e+02
6.727501749992370605e-01,3.700000000000000000e+01,2.210000000000000000e+02
6.727163195610046387e-01,4.300000000000000000e+01,1.520000000000000000e+02
6.726440191268920898e-01,2.400000000000000000e+01,1.110000000000000000e+02
6.725339889526367188e-01,3.700000000000000000e+01,2.400000000000000000e+01
6.725336909294128418e-01,5.000000000000000000e+00,1.350000000000000000e+02
6.724892258644104004e-01,2.400000000000000000e+01,1.190000000000000000e+02
6.724742650985717773e-01,6.000000000000000000e+00,5.400000000000000000e+01
6.724231839179992676e-01,4.200000000000000000e+01,2.050000000000000000e+02
6.723982095718383789e-01,2.800000000000000000e+01,7.100000000000000000e+01
6.723275184631347656e-01,2.200000000000000000e+01,2.060000000000000000e+02
6.723089218139648438e-01,4.200000000000000000e+01,8.000000000000000000e+00
6.722685098648071289e-01,3.900000000000000000e+01,3.600000000000000000e+01
6.722589135169982910e-01,2.500000000000000000e+01,4.600000000000000000e+01
6.722413897514343262e-01,4.200000000000000000e+01,1.110000000000000000e+02
6.721756458282470703e-01,3.600000000000000000e+01,1.230000000000000000e+02
6.721673011779785156e-01,4.100000000000000000e+01,7.800000000000000000e+01
6.719325780868530273e-01,2.900000000000000000e+01,1.800000000000000000e+01
6.719170212745666504e-01,2.900000000000000000e+01,2.370000000000000000e+02
6.719107627868652344e-01,3.900000000000000000e+01,3.800000000000000000e+01
6.718683838844299316e-01,3.600000000000000000e+01,1.850000000000000000e+02
6.717973947525024414e-01,2.200000000000000000e+01,2.050000000000000000e+02
6.717367768287658691e-01,9.000000000000000000e+00,4.000000000000000000e+01
6.716990470886230469e-01,6.000000000000000000e+00,4.300000000000000000e+01
6.716926693916320801e-01,2.400000000000000000e+01,1.370000000000000000e+02
6.716647148132324219e-01,2.600000000000000000e+01,4.800000000000000000e+01
6.716583967208862305e-01,2.400000000000000000e+01,2.900000000000000000e+01
6.715918183326721191e-01,2.500000000000000000e+01,4.500000000000000000e+01
6.715450286865234375e-01,2.600000000000000000e+01,1.270000000000000000e+02
6.715288162231445312e-01,3.200000000000000000e+01,1.840000000000000000e+02
6.714640259742736816e-01,4.200000000000000000e+01,1.810000000000000000e+02
6.713496446609497070e-01,2.200000000000000000e+01,1.350000000000000000e+02
6.713487505912780762e-01,4.700000000000000000e+01,1.400000000000000000e+01
6.713480353355407715e-01,4.000000000000000000e+01,2.400000000000000000e+02
6.713369488716125488e-01,4.200000000000000000e+01,3.500000000000000000e+01
6.712081432342529297e-01,3.000000000000000000e+00,1.380000000000000000e+02
6.712052822113037109e-01,2.900000000000000000e+01,1.600000000000000000e+02
6.712011098861694336e-01,0.000000000000000000e+00,2.000000000000000000e+01
6.711794734001159668e-01,1.000000000000000000e+01,4.400000000000000000e+01
6.710413098335266113e-01,6.000000000000000000e+00,2.900000000000000000e+01
6.709817647933959961e-01,3.800000000000000000e+01,1.030000000000000000e+02
6.708909869194030762e-01,4.000000000000000000e+00,1.880000000000000000e+02
6.707915067672729492e-01,3.600000000000000000e+01,7.800000000000000000e+01
6.707688570022583008e-01,1.000000000000000000e+01,0.000000000000000000e+00
6.706978678703308105e-01,3.100000000000000000e+01,1.460000000000000000e+02
6.705839037895202637e-01,1.900000000000000000e+01,2.060000000000000000e+02
6.705754995346069336e-01,3.800000000000000000e+01,2.400000000000000000e+02
6.705449223518371582e-01,1.900000000000000000e+01,4.300000000000000000e+01
6.704310774803161621e-01,3.700000000000000000e+01,4.700000000000000000e+01
6.704035997390747070e-01,4.700000000000000000e+01,1.600000000000000000e+01
6.703155040740966797e-01,3.500000000000000000e+01,9.400000000000000000e+01
6.702153086662292480e-01,2.800000000000000000e+01,1.220000000000000000e+02
6.702132225036621094e-01,3.100000000000000000e+01,3.600000000000000000e+01
6.701734066009521484e-01,3.000000000000000000e+01,1.460000000000000000e+02
6.701490879058837891e-01,4.300000000000000000e+01,1.570000000000000000e+02
6.700939536094665527e-01,2.000000000000000000e+00,1.640000000000000000e+02
6.700842380523681641e-01,1.900000000000000000e+01,2.220000000000000000e+02
6.700754165649414062e-01,4.100000000000000000e+01,1.990000000000000000e+02
6.699170470237731934e-01,1.100000000000000000e+01,0.000000000000000000e+00
6.699105501174926758e-01,3.300000000000000000e+01,1.220000000000000000e+02
6.699085831642150879e-01,2.000000000000000000e+01,1.660000000000000000e+02
6.699005365371704102e-01,1.200000000000000000e+01,2.260000000000000000e+02
6.698744297027587891e-01,8.000000000000000000e+00,1.080000000000000000e+02
6.698464155197143555e-01,3.000000000000000000e+01,1.200000000000000000e+02
6.697744131088256836e-01,1.400000000000000000e+01,8.500000000000000000e+01
6.697290539741516113e-01,3.100000000000000000e+01,1.440000000000000000e+02
6.695747971534729004e-01,3.500000000000000000e+01,2.310000000000000000e+02
6.694708466529846191e-01,2.900000000000000000e+01,2.000000000000000000e+02
6.694603562355041504e-01,4.000000000000000000e+01,1.870000000000000000e+02
6.694464683532714844e-01,7.000000000000000000e+00,1.990000000000000000e+02
6.694202423095703125e-01,3.600000000000000000e+01,1.030000000000000000e+02
6.694043874740600586e-01,2.700000000000000000e+01,6.000000000000000000e+01
6.693802475929260254e-01,4.300000000000000000e+01,4.700000000000000000e+01
6.693508028984069824e-01,2.800000000000000000e+01,1.400000000000000000e+02
6.692999005317687988e-01,2.600000000000000000e+01,7.900000000000000000e+01
6.692814230918884277e-01,3.800000000000000000e+01,9.700000000000000000e+01
6.692491173744201660e-01,0.000000000000000000e+00,1.380000000000000000e+02
6.692227125167846680e-01,3.600000000000000000e+01,8.300000000000000000e+01
6.691105961799621582e-01,1.800000000000000000e+01,1.290000000000000000e+02
6.689249277114868164e-01,3.600000000000000000e+01,2.070000000000000000e+02
6.688568592071533203e-01,3.900000000000000000e+01,6.300000000000000000e+01
6.688502430915832520e-01,2.200000000000000000e+01,1.240000000000000000e+02
6.688494682312011719e-01,3.400000000000000000e+01,4.700000000000000000e+01
6.688271760940551758e-01,1.400000000000000000e+01,9.000000000000000000e+01
6.687861084938049316e-01,2.000000000000000000e+00,2.340000000000000000e+02
6.687305569648742676e-01,1.000000000000000000e+01,3.000000000000000000e+01
6.686455607414245605e-01,1.300000000000000000e+01,1.000000000000000000e+00
6.686453819274902344e-01,3.400000000000000000e+01,1.190000000000000000e+02
6.686269640922546387e-01,2.100000000000000000e+01,3.200000000000000000e+01
6.685384511947631836e-01,4.000000000000000000e+01,5.400000000000000000e+01
6.684583425521850586e-01,2.000000000000000000e+00,1.700000000000000000e+02
6.683984398841857910e-01,3.500000000000000000e+01,1.220000000000000000e+02
6.683906912803649902e-01,4.300000000000000000e+01,1.600000000000000000e+02
6.683768033981323242e-01,3.300000000000000000e+01,1.200000000000000000e+02
6.682856678962707520e-01,4.000000000000000000e+01,3.000000000000000000e+00
6.682118773460388184e-01,4.700000000000000000e+01,1.350000000000000000e+02
6.681155562400817871e-01,2.100000000000000000e+01,2.400000000000000000e+02
6.680822372436523438e-01,2.100000000000000000e+01,7.600000000000000000e+01
6.680582165718078613e-01,3.600000000000000000e+01,2.350000000000000000e+02
6.680122613906860352e-01,0.000000000000000000e+00,5.200000000000000000e+01
6.679812669754028320e-01,4.200000000000000000e+01,1.970000000000000000e+02
6.679037809371948242e-01,1.400000000000000000e+01,9.300000000000000000e+01
6.678956151008605957e-01,8.000000000000000000e+00,0.000000000000000000e+00
6.678448319435119629e-01,1.200000000000000000e+01,2.600000000000000000e+01
6.678307652473449707e-01,3.400000000000000000e+01,3.800000000000000000e+01
6.677946448326110840e-01,1.700000000000000000e+01,1.610000000000000000e+02
6.677936911582946777e-01,4.300000000000000000e+01,1.500000000000000000e+02
6.677202582359313965e-01,2.500000000000000000e+01,9.500000000000000000e+01
6.677010655403137207e-01,4.000000000000000000e+01,9.900000000000000000e+01
6.676944494247436523e-01,2.600000000000000000e+01,9.400000000000000000e+01
6.676582694053649902e-01,1.700000000000000000e+01,1.070000000000000000e+02
6.675683259963989258e-01,6.000000000000000000e+00,1.510000000000000000e+02
6.675398349761962891e-01,3.400000000000000000e+01,1.220000000000000000e+02
6.675195097923278809e-01,3.700000000000000000e+01,2.350000000000000000e+02
6.674776077270507812e-01,2.700000000000000000e+01,1.300000000000000000e+02
6.674588918685913086e-01,1.000000000000000000e+01,1.880000000000000000e+02
6.674479842185974121e-01,3.100000000000000000e+01,6.000000000000000000e+00
6.674323678016662598e-01,4.000000000000000000e+01,3.800000000000000000e+01
6.674227118492126465e-01,6.000000000000000000e+00,1.780000000000000000e+02
6.674172878265380859e-01,1.400000000000000000e+01,1.470000000000000000e+02
6.674149036407470703e-01,3.000000000000000000e+01,1.000000000000000000e+00
6.673924922943115234e-01,4.200000000000000000e+01,1.140000000000000000e+02
6.673653721809387207e-01,2.300000000000000000e+01,1.350000000000000000e+02
6.672203540802001953e-01,2.600000000000000000e+01,1.360000000000000000e+02
6.671853661537170410e-01,1.500000000000000000e+01,6.900000000000000000e+01
6.671359539031982422e-01,4.300000000000000000e+01,2.480000000000000000e+02
6.671308279037475586e-01,1.300000000000000000e+01,2.900000000000000000e+01
6.670737266540527344e-01,3.200000000000000000e+01,1.440000000000000000e+02
6.670613884925842285e-01,9.000000000000000000e+00,1.290000000000000000e+02
6.670314669609069824e-01,1.300000000000000000e+01,1.410000000000000000e+02
6.670311689376831055e-01,4.100000000000000000e+01,1.820000000000000000e+02
6.670119762420654297e-01,3.300000000000000000e+01,1.380000000000000000e+02
6.670110821723937988e-01,3.700000000000000000e+01,1.650000000000000000e+02
6.669909358024597168e-01,3.500000000000000000e+01,3.800000000000000000e+01
6.668609976768493652e-01,5.000000000000000000e+00,4.000000000000000000e+01
6.668548583984375000e-01,3.800000000000000000e+01,1.960000000000000000e+02
6.668438315391540527e-01,3.300000000000000000e+01,1.440000000000000000e+02
6.668329834938049316e-01,4.100000000000000000e+01,2.480000000000000000e+02
6.668258905410766602e-01,2.600000000000000000e+01,1.340000000000000000e+02
6.668028831481933594e-01,3.800000000000000000e+01,2.420000000000000000e+02
6.668028235435485840e-01,1.000000000000000000e+01,4.000000000000000000e+01
6.667732596397399902e-01,6.000000000000000000e+00,1.980000000000000000e+02
6.667420268058776855e-01,2.500000000000000000e+01,2.180000000000000000e+02
6.666718721389770508e-01,1.500000000000000000e+01,2.260000000000000000e+02
6.666642427444458008e-01,4.100000000000000000e+01,1.200000000000000000e+02
6.666544079780578613e-01,1.400000000000000000e+01,1.960000000000000000e+02
6.666250228881835938e-01,3.900000000000000000e+01,1.030000000000000000e+02
6.665745973587036133e-01,4.100000000000000000e+01,4.700000000000000000e+01
6.665740609169006348e-01,1.200000000000000000e+01,1.760000000000000000e+02
6.665578484535217285e-01,4.300000000000000000e+01,1.970000000000000000e+02
6.664538383483886719e-01,1.300000000000000000e+01,3.500000000000000000e+01
6.664401888847351074e-01,4.300000000000000000e+01,1.230000000000000000e+02
6.664059758186340332e-01,2.100000000000000000e+01,1.200000000000000000e+02
6.663981676101684570e-01,9.000000000000000000e+00,9.600000000000000000e+01
6.663296818733215332e-01,2.700000000000000000e+01,4.400000000000000000e+01
6.661830544471740723e-01,4.700000000000000000e+01,3.500000000000000000e+01
6.661677360534667969e-01,1.700000000000000000e+01,2.410000000000000000e+02
6.659491658210754395e-01,4.000000000000000000e+01,1.570000000000000000e+02
6.658729314804077148e-01,9.000000000000000000e+00,1.440000000000000000e+02
6.658725142478942871e-01,0.000000000000000000e+00,2.800000000000000000e+01
6.658396124839782715e-01,1.000000000000000000e+00,4.000000000000000000e+01
6.657755970954895020e-01,3.200000000000000000e+01,1.390000000000000000e+02
6.657711267471313477e-01,3.200000000000000000e+01,6.200000000000000000e+01
6.657528877258300781e-01,4.000000000000000000e+00,4.000000000000000000e+00
6.657253503799438477e-01,1.900000000000000000e+01,1.220000000000000000e+02
6.656077504158020020e-01,2.800000000000000000e+01,6.300000000000000000e+01
6.655794382095336914e-01,3.200000000000000000e+01,1.220000000000000000e+02
6.655710339546203613e-01,3.200000000000000000e+01,1.520000000000000000e+02
6.655701994895935059e-01,4.700000000000000000e+01,1.390000000000000000e+02
6.655536293983459473e-01,5.000000000000000000e+00,1.880000000000000000e+02
6.655114293098449707e-01,3.000000000000000000e+01,1.030000000000000000e+02
6.654539704322814941e-01,2.800000000000000000e+01,1.370000000000000000e+02
6.654047369956970215e-01,4.700000000000000000e+01,1.710000000000000000e+02
6.652923226356506348e-01,8.000000000000000000e+00,2.700000000000000000e+01
6.652692556381225586e-01,3.000000000000000000e+01,4.700000000000000000e+01
6.652396917343139648e-01,4.100000000000000000e+01,1.720000000000000000e+02
6.652364730834960938e-01,2.600000000000000000e+01,1.370000000000000000e+02
6.651854515075683594e-01,3.900000000000000000e+01,2.180000000000000000e+02
6.651768088340759277e-01,2.600000000000000000e+01,1.440000000000000000e+02
6.651452183723449707e-01,4.100000000000000000e+01,1.620000000000000000e+02
6.651247739791870117e-01,2.100000000000000000e+01,2.010000000000000000e+02
6.650945544242858887e-01,3.000000000000000000e+01,1.190000000000000000e+02
6.650692224502563477e-01,4.100000000000000000e+01,1.230000000000000000e+02
6.650627255439758301e-01,1.700000000000000000e+01,1.830000000000000000e+02
6.650357842445373535e-01,2.500000000000000000e+01,6.200000000000000000e+01
6.650115251541137695e-01,2.900000000000000000e+01,3.700000000000000000e+01
6.649805903434753418e-01,0.000000000000000000e+00,1.510000000000000000e+02
6.649742722511291504e-01,4.100000000000000000e+01,1.360000000000000000e+02
6.649615764617919922e-01,2.700000000000000000e+01,9.500000000000000000e+01
6.649533510208129883e-01,1.800000000000000000e+01,1.170000000000000000e+02
6.649108529090881348e-01,1.000000000000000000e+01,1.000000000000000000e+00
6.648952364921569824e-01,1.600000000000000000e+01,2.180000000000000000e+02
6.648835539817810059e-01,1.800000000000000000e+01,6.100000000000000000e+01
6.648271083831787109e-01,1.000000000000000000e+00,5.800000000000000000e+01
6.648223400115966797e-01,2.700000000000000000e+01,9.400000000000000000e+01
6.646565794944763184e-01,2.600000000000000000e+01,2.100000000000000000e+02
6.646400094032287598e-01,1.400000000000000000e+01,1.900000000000000000e+01
6.646326780319213867e-01,4.000000000000000000e+00,3.300000000000000000e+01
6.646202206611633301e-01,2.200000000000000000e+01,9.900000000000000000e+01
6.646196842193603516e-01,2.700000000000000000e+01,7.600000000000000000e+01
6.645928025245666504e-01,4.200000000000000000e+01,2.480000000000000000e+02
6.645874381065368652e-01,8.000000000000000000e+00,1.780000000000000000e+02
6.645633578300476074e-01,2.500000000000000000e+01,7.400000000000000000e+01
6.645400524139404297e-01,7.000000000000000000e+00,1.880000000000000000e+02
6.643768548965454102e-01,3.900000000000000000e+01,7.800000000000000000e+01
6.643706560134887695e-01,1.600000000000000000e+01,5.000000000000000000e+00
6.643663644790649414e-01,4.100000000000000000e+01,2.370000000000000000e+02
6.643491387367248535e-01,3.600000000000000000e+01,7.700000000000000000e+01
6.642912626266479492e-01,2.500000000000000000e+01,1.200000000000000000e+02
6.642554998397827148e-01,2.300000000000000000e+01,8.000000000000000000e+01
6.642465591430664062e-01,3.700000000000000000e+01,7.200000000000000000e+01
6.642433404922485352e-01,3.300000000000000000e+01,6.600000000000000000e+01
6.642378568649291992e-01,3.900000000000000000e+01,1.180000000000000000e+02
6.642310619354248047e-01,4.000000000000000000e+00,3.000000000000000000e+00
6.642076969146728516e-01,2.700000000000000000e+01,1.200000000000000000e+02
6.642066240310668945e-01,2.200000000000000000e+01,1.400000000000000000e+02
6.641504764556884766e-01,9.000000000000000000e+00,3.000000000000000000e+00
6.640297174453735352e-01,1.200000000000000000e+01,8.100000000000000000e+01
6.639965772628784180e-01,1.600000000000000000e+01,1.240000000000000000e+02
6.639356613159179688e-01,1.400000000000000000e+01,2.410000000000000000e+02
6.639134883880615234e-01,2.600000000000000000e+01,2.360000000000000000e+02
6.638892889022827148e-01,2.000000000000000000e+01,9.100000000000000000e+01
6.638523936271667480e-01,9.000000000000000000e+00,5.800000000000000000e+01
6.638405323028564453e-01,6.000000000000000000e+00,5.500000000000000000e+01
6.637893319129943848e-01,3.200000000000000000e+01,1.690000000000000000e+02
6.637270450592041016e-01,2.900000000000000000e+01,7.600000000000000000e+01
6.636989116668701172e-01,1.600000000000000000e+01,2.190000000000000000e+02
6.636372208595275879e-01,3.000000000000000000e+01,1.070000000000000000e+02
6.635684967041015625e-01,3.000000000000000000e+01,6.800000000000000000e+01
6.634710431098937988e-01,4.200000000000000000e+01,2.550000000000000000e+02
6.634282469749450684e-01,3.600000000000000000e+01,8.200000000000000000e+01
6.633991599082946777e-01,2.000000000000000000e+00,1.330000000000000000e+02
6.633868813514709473e-01,2.000000000000000000e+00,6.500000000000000000e+01
6.633203029632568359e-01,0.000000000000000000e+00,4.800000000000000000e+01
6.632727980613708496e-01,2.000000000000000000e+01,9.000000000000000000e+01
6.631722450256347656e-01,2.200000000000000000e+01,1.570000000000000000e+02
6.631694436073303223e-01,0.000000000000000000e+00,4.000000000000000000e+01
6.631239056587219238e-01,3.700000000000000000e+01,2.100000000000000000e+01
6.631162762641906738e-01,3.900000000000000000e+01,1.220000000000000000e+02
6.630953550338745117e-01,3.400000000000000000e+01,6.400000000000000000e+01
6.630661487579345703e-01,4.000000000000000000e+00,2.900000000000000000e+01
6.629249453544616699e-01,3.200000000000000000e+01,3.100000000000000000e+01
6.628828048706054688e-01,4.300000000000000000e+01,5.500000000000000000e+01
6.628797054290771484e-01,1.000000000000000000e+01,2.260000000000000000e+02
6.628611087799072266e-01,8.000000000000000000e+00,1.990000000000000000e+02
6.628280282020568848e-01,3.700000000000000000e+01,1.000000000000000000e+01
6.628074049949645996e-01,3.600000000000000000e+01,4.100000000000000000e+01
6.627373099327087402e-01,3.700000000000000000e+01,1.220000000000000000e+02
6.626557111740112305e-01,3.000000000000000000e+01,8.600000000000000000e+01
6.626504063606262207e-01,1.000000000000000000e+00,1.600000000000000000e+02
6.625673174858093262e-01,2.100000000000000000e+01,1.420000000000000000e+02
6.625077724456787109e-01,1.900000000000000000e+01,7.100000000000000000e+01
6.624696850776672363e-01,8.000000000000000000e+00,3.700000000000000000e+01
6.624262928962707520e-01,3.800000000000000000e+01,1.620000000000000000e+02
6.624067425727844238e-01,4.300000000000000000e+01,1.510000000000000000e+02
6.624020934104919434e-01,2.000000000000000000e+01,2.010000000000000000e+02
6.623988747596740723e-01,3.400000000000000000e+01,1.900000000000000000e+01
6.622983813285827637e-01,3.900000000000000000e+01,2.480000000000000000e+02
6.621493101119995117e-01,1.900000000000000000e+01,1.340000000000000000e+02
6.620348691940307617e-01,1.600000000000000000e+01,1.900000000000000000e+01
6.619445085525512695e-01,3.900000000000000000e+01,2.200000000000000000e+02
6.619119644165039062e-01,1.900000000000000000e+01,2.050000000000000000e+02
6.618970632553100586e-01,1.600000000000000000e+01,1.320000000000000000e+02
6.618878245353698730e-01,3.400000000000000000e+01,1.380000000000000000e+02
6.618805527687072754e-01,1.800000000000000000e+01,2.700000000000000000e+01
6.618387699127197266e-01,3.100000000000000000e+01,9.600000000000000000e+01
6.617989540100097656e-01,2.200000000000000000e+01,1.110000000000000000e+02
6.617705225944519043e-01,4.000000000000000000e+01,4.700000000000000000e+01
6.617490649223327637e-01,4.100000000000000000e+01,1.310000000000000000e+02
6.617400050163269043e-01,3.700000000000000000e+01,1.200000000000000000e+02
6.616473197937011719e-01,3.000000000000000000e+00,2.340000000000000000e+02
6.616148948669433594e-01,7.000000000000000000e+00,4.400000000000000000e+01
6.615404486656188965e-01,3.500000000000000000e+01,1.190000000000000000e+02
6.615246534347534180e-01,3.300000000000000000e+01,9.600000000000000000e+01
6.614923477172851562e-01,3.700000000000000000e+01,1.030000000000000000e+02
6.614906191825866699e-01,1.900000000000000000e+01,1.700000000000000000e+02
6.614682078361511230e-01,3.900000000000000000e+01,2.260000000000000000e+02
6.614400744438171387e-01,0.000000000000000000e+00,1.530000000000000000e+02
6.614352464675903320e-01,3.900000000000000000e+01,2.220000000000000000e+02
6.613693833351135254e-01,1.200000000000000000e+01,2.800000000000000000e+01
6.613616347312927246e-01,5.000000000000000000e+00,2.080000000000000000e+02
6.613580584526062012e-01,2.900000000000000000e+01,6.100000000000000000e+01
6.613574028015136719e-01,4.700000000000000000e+01,1.960000000000000000e+02
6.613501906394958496e-01,4.200000000000000000e+01,2.360000000000000000e+02
6.613349914550781250e-01,4.300000000000000000e+01,1.100000000000000000e+02
6.613147258758544922e-01,4.700000000000000000e+01,2.500000000000000000e+01
6.613026857376098633e-01,2.700000000000000000e+01,6.300000000000000000e+01
6.612216234207153320e-01,4.100000000000000000e+01,2.510000000000000000e+02
6.611399054527282715e-01,4.000000000000000000e+01,1.360000000000000000e+02
6.611326932907104492e-01,3.500000000000000000e+01,9.900000000000000000e+01
6.611170768737792969e-01,4.500000000000000000e+01,1.300000000000000000e+01
6.610818505287170410e-01,3.000000000000000000e+01,1.320000000000000000e+02
6.609611511230468750e-01,1.600000000000000000e+01,6.600000000000000000e+01
6.609241962432861328e-01,7.000000000000000000e+00,2.900000000000000000e+01
6.608917117118835449e-01,2.900000000000000000e+01,3.500000000000000000e+01
6.608873605728149414e-01,3.300000000000000000e+01,1.650000000000000000e+02
6.608778238296508789e-01,8.000000000000000000e+00,1.580000000000000000e+02
6.608714461326599121e-01,3.000000000000000000e+00,4.200000000000000000e+01
6.608697175979614258e-01,3.600000000000000000e+01,1.650000000000000000e+02
6.608677506446838379e-01,1.100000000000000000e+01,1.900000000000000000e+01
6.608607769012451172e-01,1.200000000000000000e+01,2.540000000000000000e+02
6.608596444129943848e-01,4.300000000000000000e+01,1.490000000000000000e+02
6.608146429061889648e-01,2.200000000000000000e+01,2.220000000000000000e+02
6.608028411865234375e-01,2.100000000000000000e+01,2.020000000000000000e+02
6.607912182807922363e-01,3.600000000000000000e+01,2.540000000000000000e+02
6.607590913772583008e-01,2.000000000000000000e+01,1.550000000000000000e+02
6.607358455657958984e-01,3.900000000000000000e+01,1.360000000000000000e+02
6.607325673103332520e-01,4.100000000000000000e+01,1.410000000000000000e+02
6.606786251068115234e-01,3.000000000000000000e+00,9.000000000000000000e+01
6.606658697128295898e-01,2.500000000000000000e+01,9.400000000000000000e+01
6.606525182723999023e-01,2.200000000000000000e+01,2.230000000000000000e+02
6.606422662734985352e-01,3.900000000000000000e+01,2.150000000000000000e+02
6.606215834617614746e-01,2.000000000000000000e+01,1.190000000000000000e+02
6.606103181838989258e-01,4.300000000000000000e+01,6.900000000000000000e+01
6.606042981147766113e-01,3.300000000000000000e+01,8.000000000000000000e+01
6.605996489524841309e-01,1.000000000000000000e+00,2.280000000000000000e+02
6.605192422866821289e-01,1.700000000000000000e+01,4.500000000000000000e+01
6.605062484741210938e-01,1.100000000000000000e+01,2.260000000000000000e+02
6.604292988777160645e-01,1.800000000000000000e+01,1.590000000000000000e+02
6.604015827178955078e-01,2.600000000000000000e+01,1.200000000000000000e+02
6.603817939758300781e-01,1.200000000000000000e+01,1.290000000000000000e+02
6.603702306747436523e-01,3.800000000000000000e+01,9.400000000000000000e+01
6.603395938873291016e-01,4.000000000000000000e+01,1.480000000000000000e+02
6.603113412857055664e-01,4.400000000000000000e+01,1.200000000000000000e+01
6.602715253829956055e-01,4.100000000000000000e+01,1.210000000000000000e+02
6.602095961570739746e-01,4.100000000000000000e+01,1.760000000000000000e+02
6.601983308792114258e-01,2.100000000000000000e+01,9.000000000000000000e+01
6.601607799530029297e-01,4.000000000000000000e+01,7.000000000000000000e+00
6.601512432098388672e-01,3.900000000000000000e+01,3.200000000000000000e+01
6.601204872131347656e-01,3.600000000000000000e+01,1.190000000000000000e+02
6.600911021232604980e-01,3.800000000000000000e+01,2.480000000000000000e+02
6.600700616836547852e-01,3.800000000000000000e+01,1.820000000000000000e+02
6.600444316864013672e-01,4.000000000000000000e+01,8.900000000000000000e+01
6.600370407104492188e-01,5.000000000000000000e+00,3.700000000000000000e+01
6.600208878517150879e-01,4.200000000000000000e+01,7.800000000000000000e+01
6.600056290626525879e-01,2.700000000000000000e+01,1.030000000000000000e+02
6.600050926208496094e-01,1.200000000000000000e+01,1.480000000000000000e+02
6.599614024162292480e-01,2.200000000000000000e+01,1.180000000000000000e+02
6.599417328834533691e-01,1.000000000000000000e+01,1.760000000000000000e+02
6.599370837211608887e-01,4.300000000000000000e+01,1.830000000000000000e+02
6.598981022834777832e-01,3.100000000000000000e+01,1.900000000000000000e+02
6.598899960517883301e-01,2.000000000000000000e+01,2.550000000000000000e+02
6.598898172378540039e-01,5.000000000000000000e+00,2.190000000000000000e+02
6.598828434944152832e-01,8.000000000000000000e+00,2.180000000000000000e+02
6.598697900772094727e-01,4.200000000000000000e+01,1.210000000000000000e+02
6.598676443099975586e-01,3.100000000000000000e+01,4.100000000000000000e+01
6.598662734031677246e-01,4.700000000000000000e+01,8.600000000000000000e+01
6.598408818244934082e-01,1.700000000000000000e+01,6.200000000000000000e+01
6.598182320594787598e-01,4.200000000000000000e+01,2.290000000000000000e+02
6.598041057586669922e-01,1.600000000000000000e+01,1.490000000000000000e+02
6.597483158111572266e-01,4.700000000000000000e+01,2.600000000000000000e+01
6.597266793251037598e-01,2.500000000000000000e+01,6.100000000000000000e+01
6.597222089767456055e-01,3.900000000000000000e+01,1.830000000000000000e+02
6.596855521202087402e-01,3.700000000000000000e+01,2.140000000000000000e+02
6.596770286560058594e-01,2.500000000000000000e+01,8.000000000000000000e+01
6.596257686614990234e-01,3.000000000000000000e+01,1.810000000000000000e+02
6.595617532730102539e-01,2.500000000000000000e+01,1.330000000000000000e+02
6.595172882080078125e-01,3.800000000000000000e+01,4.500000000000000000e+01
6.595129966735839844e-01,3.600000000000000000e+01,6.600000000000000000e+01
6.594837903976440430e-01,2.000000000000000000e+01,8.100000000000000000e+01
6.594770550727844238e-01,4.200000000000000000e+01,1.220000000000000000e+02
6.594762206077575684e-01,1.900000000000000000e+01,1.350000000000000000e+02
6.594561338424682617e-01,2.200000000000000000e+01,1.050000000000000000e+02
6.594552397727966309e-01,1.700000000000000000e+01,4.200000000000000000e+01
6.594281196594238281e-01,4.300000000000000000e+01,1.920000000000000000e+02
6.594072580337524414e-01,1.000000000000000000e+00,6.800000000000000000e+01
6.594028472900390625e-01,8.000000000000000000e+00,3.000000000000000000e+00
6.593841910362243652e-01,4.100000000000000000e+01,1.630000000000000000e+02
6.593472361564636230e-01,1.100000000000000000e+01,2.400000000000000000e+02
6.593155860900878906e-01,4.000000000000000000e+01,2.250000000000000000e+02
6.591110229492187500e-01,1.000000000000000000e+01,6.400000000000000000e+01
6.590799093246459961e-01,2.200000000000000000e+01,1.420000000000000000e+02
6.590509414672851562e-01,3.700000000000000000e+01,1.050000000000000000e+02
6.590368151664733887e-01,4.300000000000000000e+01,1.820000000000000000e+02
6.590197682380676270e-01,2.300000000000000000e+01,1.220000000000000000e+02
6.590191125869750977e-01,2.900000000000000000e+01,1.190000000000000000e+02
6.590098738670349121e-01,9.000000000000000000e+00,1.890000000000000000e+02
6.589865088462829590e-01,4.300000000000000000e+01,2.320000000000000000e+02
6.589657664299011230e-01,3.600000000000000000e+01,9.400000000000000000e+01
6.589162349700927734e-01,2.200000000000000000e+01,2.330000000000000000e+02
6.588737964630126953e-01,6.000000000000000000e+00,6.100000000000000000e+01
6.588460803031921387e-01,1.000000000000000000e+01,1.680000000000000000e+02
6.588150858879089355e-01,4.700000000000000000e+01,1.190000000000000000e+02
6.587929725646972656e-01,3.700000000000000000e+01,7.100000000000000000e+01
6.587573885917663574e-01,7.000000000000000000e+00,2.190000000000000000e+02
6.587117910385131836e-01,2.000000000000000000e+01,1.850000000000000000e+02
6.587117314338684082e-01,7.000000000000000000e+00,3.000000000000000000e+00
6.587021350860595703e-01,1.800000000000000000e+01,1.560000000000000000e+02
6.586921215057373047e-01,3.000000000000000000e+01,6.200000000000000000e+01
6.586886644363403320e-01,3.700000000000000000e+01,6.100000000000000000e+01
6.586871147155761719e-01,3.000000000000000000e+01,6.000000000000000000e+01
6.586853861808776855e-01,2.300000000000000000e+01,9.600000000000000000e+01
6.586588025093078613e-01,2.000000000000000000e+01,2.230000000000000000e+02
6.586533784866333008e-01,3.800000000000000000e+01,2.350000000000000000e+02
6.586409211158752441e-01,3.300000000000000000e+01,3.400000000000000000e+01
6.586357355117797852e-01,2.600000000000000000e+01,6.300000000000000000e+01
6.586312055587768555e-01,1.900000000000000000e+01,4.200000000000000000e+01
6.586156487464904785e-01,3.600000000000000000e+01,7.200000000000000000e+01
6.586082577705383301e-01,0.000000000000000000e+00,9.700000000000000000e+01
6.585577130317687988e-01,3.300000000000000000e+01,1.450000000000000000e+02
6.585550904273986816e-01,2.500000000000000000e+01,4.400000000000000000e+01
6.585388779640197754e-01,3.900000000000000000e+01,2.500000000000000000e+02
6.585144996643066406e-01,3.200000000000000000e+01,2.800000000000000000e+01
6.584917306900024414e-01,4.300000000000000000e+01,1.560000000000000000e+02
6.584880948066711426e-01,3.300000000000000000e+01,1.190000000000000000e+02
6.584768295288085938e-01,4.100000000000000000e+01,1.790000000000000000e+02
6.584499478340148926e-01,1.400000000000000000e+01,2.280000000000000000e+02
6.583777070045471191e-01,4.100000000000000000e+01,1.160000000000000000e+02
6.583623886108398438e-01,3.700000000000000000e+01,3.400000000000000000e+01
6.583079695701599121e-01,3.200000000000000000e+01,1.620000000000000000e+02
6.582846045494079590e-01,2.800000000000000000e+01,9.500000000000000000e+01
6.582350134849548340e-01,1.800000000000000000e+01,8.400000000000000000e+01
6.581434011459350586e-01,2.800000000000000000e+01,1.970000000000000000e+02
6.581348180770874023e-01,3.300000000000000000e+01,7.100000000000000000e+01
6.581309437751770020e-01,2.800000000000000000e+01,1.910000000000000000e+02
6.581247448921203613e-01,2.700000000000000000e+01,9.200000000000000000e+01
6.580739617347717285e-01,2.500000000000000000e+01,9.600000000000000000e+01
6.580538153648376465e-01,2.800000000000000000e+01,5.400000000000000000e+01
6.579986810684204102e-01,9.000000000000000000e+00,2.570000000000000000e+02
6.579977869987487793e-01,6.000000000000000000e+00,1.610000000000000000e+02
6.579807996749877930e-01,3.300000000000000000e+01,1.400000000000000000e+02
6.579138040542602539e-01,2.500000000000000000e+01,2.010000000000000000e+02
6.578673720359802246e-01,3.700000000000000000e+01,1.170000000000000000e+02
6.578504443168640137e-01,0.000000000000000000e+00,3.500000000000000000e+01
6.578259468078613281e-01,3.500000000000000000e+01,3.700000000000000000e+01
6.578205227851867676e-01,3.500000000000000000e+01,2.550000000000000000e+02
6.578203439712524414e-01,2.000000000000000000e+00,4.100000000000000000e+01
6.577512025833129883e-01,4.000000000000000000e+01,2.210000000000000000e+02
6.577150225639343262e-01,3.500000000000000000e+01,8.900000000000000000e+01
6.576991677284240723e-01,1.500000000000000000e+01,1.960000000000000000e+02
6.576582193374633789e-01,1.700000000000000000e+01,8.100000000000000000e+01
6.575598716735839844e-01,3.800000000000000000e+01,3.800000000000000000e+01
6.575151681900024414e-01,4.000000000000000000e+00,4.300000000000000000e+01
6.575121283531188965e-01,3.400000000000000000e+01,1.370000000000000000e+02
6.574798822402954102e-01,2.000000000000000000e+01,1.000000000000000000e+00
6.574476361274719238e-01,2.700000000000000000e+01,7.400000000000000000e+01
6.574040651321411133e-01,1.700000000000000000e+01,1.790000000000000000e+02
6.573982834815979004e-01,4.000000000000000000e+01,1.640000000000000000e+02
6.573784351348876953e-01,3.700000000000000000e+01,1.250000000000000000e+02
6.573774218559265137e-01,1.300000000000000000e+01,2.000000000000000000e+02
6.573762297630310059e-01,1.800000000000000000e+01,1.280000000000000000e+02
6.573343873023986816e-01,2.000000000000000000e+01,1.700000000000000000e+02
6.573196053504943848e-01,3.800000000000000000e+01,1.050000000000000000e+02
6.572802662849426270e-01,2.200000000000000000e+01,8.000000000000000000e+01
6.571959853172302246e-01,3.900000000000000000e+01,1.980000000000000000e+02
6.571806669235229492e-01,4.700000000000000000e+01,8.200000000000000000e+01
6.570575237274169922e-01,1.600000000000000000e+01,1.150000000000000000e+02
6.570248603820800781e-01,2.600000000000000000e+01,1.590000000000000000e+02
6.570011377334594727e-01,1.800000000000000000e+01,2.410000000000000000e+02
6.569463610649108887e-01,1.900000000000000000e+01,2.210000000000000000e+02
6.568648815155029297e-01,2.400000000000000000e+01,9.500000000000000000e+01
6.568633913993835449e-01,4.000000000000000000e+01,1.750000000000000000e+02
6.568621993064880371e-01,2.700000000000000000e+01,9.800000000000000000e+01
6.568301320075988770e-01,6.000000000000000000e+00,4.600000000000000000e+01
6.568124294281005859e-01,3.800000000000000000e+01,1.240000000000000000e+02
6.567911505699157715e-01,1.300000000000000000e+01,4.200000000000000000e+01
6.567570567131042480e-01,2.200000000000000000e+01,1.190000000000000000e+02
6.567434072494506836e-01,3.200000000000000000e+01,8.000000000000000000e+01
6.567368507385253906e-01,2.800000000000000000e+01,4.700000000000000000e+01
6.567311286926269531e-01,2.700000000000000000e+01,1.590000000000000000e+02
6.567196249961853027e-01,2.800000000000000000e+01,1.340000000000000000e+02
6.566804647445678711e-01,3.600000000000000000e+01,1.410000000000000000e+02
6.566733717918395996e-01,3.500000000000000000e+01,8.700000000000000000e+01
6.566041707992553711e-01,6.000000000000000000e+00,4.000000000000000000e+00
6.565803885459899902e-01,2.700000000000000000e+01,1.700000000000000000e+01
6.565654873847961426e-01,6.000000000000000000e+00,8.600000000000000000e+01
6.565423011779785156e-01,2.700000000000000000e+01,5.400000000000000000e+01
6.565419435501098633e-01,4.300000000000000000e+01,1.360000000000000000e+02
6.565078496932983398e-01,2.400000000000000000e+01,2.570000000000000000e+02
6.564705371856689453e-01,1.600000000000000000e+01,1.190000000000000000e+02
6.564520597457885742e-01,3.400000000000000000e+01,2.550000000000000000e+02
6.564515233039855957e-01,1.500000000000000000e+01,1.160000000000000000e+02
6.564397215843200684e-01,3.600000000000000000e+01,2.050000000000000000e+02
6.564198136329650879e-01,3.700000000000000000e+01,8.700000000000000000e+01
6.563568711280822754e-01,4.200000000000000000e+01,2.510000000000000000e+02
6.563370823860168457e-01,2.200000000000000000e+01,1.650000000000000000e+02
6.563054323196411133e-01,3.600000000000000000e+01,2.440000000000000000e+02
6.562718152999877930e-01,3.700000000000000000e+01,9.700000000000000000e+01
6.562248468399047852e-01,1.000000000000000000e+00,2.490000000000000000e+02
6.561505794525146484e-01,5.000000000000000000e+00,3.300000000000000000e+01
6.561300754547119141e-01,4.000000000000000000e+01,1.370000000000000000e+02
6.561163663864135742e-01,1.000000000000000000e+00,9.000000000000000000e+01
6.560817360877990723e-01,0.000000000000000000e+00,2.900000000000000000e+01
6.560763120651245117e-01,1.500000000000000000e+01,2.560000000000000000e+02
6.560142636299133301e-01,2.100000000000000000e+01,1.810000000000000000e+02
6.559708118438720703e-01,3.400000000000000000e+01,1.180000000000000000e+02
6.559548377990722656e-01,2.500000000000000000e+01,1.110000000000000000e+02
6.558870673179626465e-01,2.900000000000000000e+01,1.110000000000000000e+02
6.558843851089477539e-01,4.000000000000000000e+01,8.000000000000000000e+00
6.558704972267150879e-01,1.300000000000000000e+01,3.900000000000000000e+01
6.558616757392883301e-01,4.200000000000000000e+01,1.100000000000000000e+02
6.558572649955749512e-01,8.000000000000000000e+00,2.200000000000000000e+02
6.558445096015930176e-01,6.000000000000000000e+00,7.300000000000000000e+01
6.557887196540832520e-01,4.700000000000000000e+01,3.300000000000000000e+01
6.557394862174987793e-01,4.100000000000000000e+01,1.660000000000000000e+02
6.557241082191467285e-01,3.900000000000000000e+01,8.700000000000000000e+01
6.556991338729858398e-01,2.200000000000000000e+01,2.320000000000000000e+02
6.556827425956726074e-01,7.000000000000000000e+00,8.500000000000000000e+01
6.556817889213562012e-01,3.600000000000000000e+01,1.200000000000000000e+02
6.556752324104309082e-01,1.700000000000000000e+01,1.890000000000000000e+02
6.556627750396728516e-01,3.500000000000000000e+01,1.030000000000000000e+02
6.556555628776550293e-01,4.100000000000000000e+01,7.000000000000000000e+00
6.555925607681274414e-01,2.200000000000000000e+01,1.750000000000000000e+02
6.555582880973815918e-01,2.500000000000000000e+01,2.300000000000000000e+01
6.555510759353637695e-01,1.100000000000000000e+01,4.000000000000000000e+01
6.555312275886535645e-01,3.600000000000000000e+01,7.100000000000000000e+01
6.554977893829345703e-01,2.300000000000000000e+01,1.210000000000000000e+02
6.554967164993286133e-01,2.300000000000000000e+01,1.390000000000000000e+02
6.554926037788391113e-01,3.200000000000000000e+01,1.030000000000000000e+02
6.554473042488098145e-01,3.900000000000000000e+01,1.320000000000000000e+02
6.553857922554016113e-01,1.300000000000000000e+01,1.900000000000000000e+01
6.553601026535034180e-01,2.500000000000000000e+01,1.550000000000000000e+02
6.553540229797363281e-01,3.800000000000000000e+01,8.300000000000000000e+01
6.553494930267333984e-01,3.900000000000000000e+01,8.300000000000000000e+01
6.553376317024230957e-01,2.900000000000000000e+01,1.270000000000000000e+02
6.553303003311157227e-01,3.000000000000000000e+01,1.360000000000000000e+02
6.553038358688354492e-01,3.300000000000000000e+01,6.200000000000000000e+01
6.553036570549011230e-01,1.500000000000000000e+01,1.000000000000000000e+02
6.553035378456115723e-01,2.600000000000000000e+01,1.260000000000000000e+02
6.552888751029968262e-01,2.900000000000000000e+01,9.200000000000000000e+01
6.552653908729553223e-01,2.300000000000000000e+01,1.910000000000000000e+02
6.552622914314270020e-01,1.900000000000000000e+01,4.800000000000000000e+01
6.552125215530395508e-01,3.700000000000000000e+01,1.180000000000000000e+02
6.551647186279296875e-01,1.200000000000000000e+01,2.100000000000000000e+01
6.551467776298522949e-01,2.700000000000000000e+01,3.000000000000000000e+01
6.551373600959777832e-01,3.100000000000000000e+01,2.520000000000000000e+02
6.551305055618286133e-01,4.200000000000000000e+01,1.370000000000000000e+02
6.551216244697570801e-01,1.700000000000000000e+01,1.870000000000000000e+02
6.550955176353454590e-01,2.900000000000000000e+01,6.200000000000000000e+01
6.550332903861999512e-01,1.300000000000000000e+01,1.760000000000000000e+02
6.550164222717285156e-01,4.100000000000000000e+01,6.200000000000000000e+01
6.549524068832397461e-01,3.200000000000000000e+01,1.530000000000000000e+02
6.549515724182128906e-01,2.100000000000000000e+01,1.050000000000000000e+02
6.549053192138671875e-01,1.300000000000000000e+01,3.800000000000000000e+01
6.548979878425598145e-01,3.900000000000000000e+01,2.000000000000000000e+02
6.548797488212585449e-01,2.400000000000000000e+01,2.220000000000000000e+02
6.548650264739990234e-01,2.000000000000000000e+01,1.420000000000000000e+02
6.548467278480529785e-01,2.100000000000000000e+01,8.000000000000000000e+01
6.548206806182861328e-01,3.400000000000000000e+01,1.820000000000000000e+02
6.547796130180358887e-01,4.300000000000000000e+01,1.650000000000000000e+02
6.547296643257141113e-01,3.700000000000000000e+01,2.330000000000000000e+02
6.547214388847351074e-01,1.800000000000000000e+01,3.200000000000000000e+01
6.547087430953979492e-01,4.100000000000000000e+01,1.240000000000000000e+02
6.546912789344787598e-01,2.800000000000000000e+01,1.360000000000000000e+02
6.546883583068847656e-01,2.300000000000000000e+01,2.070000000000000000e+02
6.546428799629211426e-01,3.400000000000000000e+01,2.210000000000000000e+02
6.546317934989929199e-01,3.800000000000000000e+01,1.010000000000000000e+02
6.546301245689392090e-01,2.500000000000000000e+01,1.220000000000000000e+02
6.546144485473632812e-01,1.200000000000000000e+01,3.100000000000000000e+01
6.545836925506591797e-01,3.300000000000000000e+01,2.080000000000000000e+02
6.545736193656921387e-01,3.000000000000000000e+01,3.000000000000000000e+01
6.545276045799255371e-01,3.100000000000000000e+01,2.600000000000000000e+01
6.545267105102539062e-01,7.000000000000000000e+00,8.600000000000000000e+01
6.545231342315673828e-01,3.700000000000000000e+01,2.540000000000000000e+02
6.545104980468750000e-01,7.000000000000000000e+00,5.700000000000000000e+01
6.544930338859558105e-01,3.100000000000000000e+01,1.420000000000000000e+02
6.544775366783142090e-01,3.700000000000000000e+01,2.150000000000000000e+02
6.544223427772521973e-01,7.000000000000000000e+00,2.700000000000000000e+01
6.543883085250854492e-01,3.000000000000000000e+01,2.700000000000000000e+01
6.543653607368469238e-01,2.300000000000000000e+01,2.570000000000000000e+02
6.543610095977783203e-01,3.500000000000000000e+01,3.400000000000000000e+01
6.543363332748413086e-01,2.100000000000000000e+01,1.280000000000000000e+02
6.542984247207641602e-01,1.100000000000000000e+01,2.540000000000000000e+02
6.542793512344360352e-01,1.000000000000000000e+01,2.900000000000000000e+01
6.542568206787109375e-01,2.500000000000000000e+01,1.430000000000000000e+02
6.542459726333618164e-01,3.400000000000000000e+01,5.300000000000000000e+01
6.542288064956665039e-01,1.900000000000000000e+01,1.660000000000000000e+02
6.542042493820190430e-01,2.000000000000000000e+01,2.200000000000000000e+02
6.541922092437744141e-01,2.100000000000000000e+01,8.100000000000000000e+01
6.541430354118347168e-01,2.800000000000000000e+01,1.090000000000000000e+02
6.541404128074645996e-01,2.900000000000000000e+01,6.400000000000000000e+01
6.541076898574829102e-01,2.100000000000000000e+01,8.900000000000000000e+01
6.540954113006591797e-01,3.700000000000000000e+01,8.100000000000000000e+01
6.540749073028564453e-01,2.000000000000000000e+01,2.360000000000000000e+02
6.540558338165283203e-01,3.900000000000000000e+01,2.240000000000000000e+02
6.540475487709045410e-01,3.300000000000000000e+01,1.640000000000000000e+02
6.540427803993225098e-01,3.900000000000000000e+01,5.500000000000000000e+01
6.540210247039794922e-01,2.800000000000000000e+01,4.400000000000000000e+01
6.539895534515380859e-01,1.800000000000000000e+01,1.830000000000000000e+02
6.539791226387023926e-01,8.000000000000000000e+00,2.100000000000000000e+02
6.539576053619384766e-01,2.000000000000000000e+01,1.370000000000000000e+02
6.539505720138549805e-01,1.900000000000000000e+01,2.230000000000000000e+02
6.538925766944885254e-01,0.000000000000000000e+00,1.770000000000000000e+02
6.538861393928527832e-01,3.600000000000000000e+01,2.320000000000000000e+02
6.538531780242919922e-01,2.400000000000000000e+01,6.300000000000000000e+01
6.538487672805786133e-01,2.600000000000000000e+01,1.300000000000000000e+02
6.538077592849731445e-01,3.800000000000000000e+01,7.800000000000000000e+01
6.537567377090454102e-01,3.100000000000000000e+01,2.280000000000000000e+02
6.536851525306701660e-01,2.800000000000000000e+01,6.600000000000000000e+01
6.536748409271240234e-01,1.000000000000000000e+00,2.400000000000000000e+02
6.535937190055847168e-01,3.000000000000000000e+01,3.700000000000000000e+01
6.535796523094177246e-01,2.300000000000000000e+01,9.500000000000000000e+01
6.535650491714477539e-01,4.200000000000000000e+01,1.670000000000000000e+02
6.535468101501464844e-01,4.000000000000000000e+00,2.190000000000000000e+02
6.535382866859436035e-01,3.600000000000000000e+01,9.700000000000000000e+01
6.534742116928100586e-01,3.700000000000000000e+01,1.070000000000000000e+02
6.534568071365356445e-01,2.900000000000000000e+01,6.700000000000000000e+01
6.534247994422912598e-01,2.200000000000000000e+01,1.280000000000000000e+02
6.534236073493957520e-01,1.000000000000000000e+01,6.200000000000000000e+01
6.534050107002258301e-01,2.200000000000000000e+01,3.500000000000000000e+01
6.533952355384826660e-01,4.600000000000000000e+01,1.300000000000000000e+01
6.533874273300170898e-01,1.100000000000000000e+01,1.760000000000000000e+02
6.533637046813964844e-01,3.000000000000000000e+00,4.000000000000000000e+00
6.533612012863159180e-01,2.100000000000000000e+01,2.040000000000000000e+02
6.533443927764892578e-01,1.000000000000000000e+00,1.070000000000000000e+02
6.533320546150207520e-01,2.600000000000000000e+01,1.220000000000000000e+02
6.533294320106506348e-01,1.800000000000000000e+01,1.450000000000000000e+02
6.533280014991760254e-01,3.600000000000000000e+01,1.070000000000000000e+02
6.533218026161193848e-01,2.200000000000000000e+01,2.210000000000000000e+02
6.533112525939941406e-01,5.000000000000000000e+00,4.600000000000000000e+01
6.533080935478210449e-01,4.600000000000000000e+01,1.200000000000000000e+01
6.532798409461975098e-01,6.000000000000000000e+00,1.060000000000000000e+02
6.532485485076904297e-01,3.800000000000000000e+01,1.840000000000000000e+02
6.532449126243591309e-01,8.000000000000000000e+00,6.400000000000000000e+01
6.532422304153442383e-01,2.500000000000000000e+01,6.300000000000000000e+01
6.532378792762756348e-01,2.600000000000000000e+01,7.800000000000000000e+01
6.532302498817443848e-01,4.100000000000000000e+01,1.480000000000000000e+02
6.532261371612548828e-01,1.000000000000000000e+01,2.570000000000000000e+02
6.532225608825683594e-01,2.000000000000000000e+00,9.100000000000000000e+01
6.532221436500549316e-01,1.800000000000000000e+01,4.200000000000000000e+01
6.531846523284912109e-01,2.800000000000000000e+01,3.000000000000000000e+01
6.531743407249450684e-01,4.300000000000000000e+01,2.100000000000000000e+01
6.531584858894348145e-01,8.000000000000000000e+00,4.300000000000000000e+01
6.531324386596679688e-01,4.000000000000000000e+01,8.100000000000000000e+01
6.530937552452087402e-01,8.000000000000000000e+00,8.100000000000000000e+01
6.530464291572570801e-01,4.000000000000000000e+01,1.220000000000000000e+02
6.530365943908691406e-01,3.000000000000000000e+01,1.400000000000000000e+02
6.530031561851501465e-01,1.800000000000000000e+01,4.500000000000000000e+01
6.529861092567443848e-01,2.700000000000000000e+01,1.380000000000000000e+02
6.529729962348937988e-01,1.800000000000000000e+01,1.000000000000000000e+02
6.529665589332580566e-01,2.100000000000000000e+01,1.010000000000000000e+02
6.529511213302612305e-01,1.200000000000000000e+01,0.000000000000000000e+00
6.529117822647094727e-01,2.300000000000000000e+01,4.500000000000000000e+01
6.528855562210083008e-01,2.400000000000000000e+01,1.200000000000000000e+02
6.528747677803039551e-01,1.200000000000000000e+01,2.300000000000000000e+01
6.528733968734741211e-01,2.100000000000000000e+01,8.800000000000000000e+01
6.528651118278503418e-01,3.900000000000000000e+01,2.420000000000000000e+02
6.528638601303100586e-01,3.900000000000000000e+01,7.200000000000000000e+01
6.528576016426086426e-01,2.700000000000000000e+01,1.210000000000000000e+02
6.528295874595642090e-01,3.600000000000000000e+01,1.420000000000000000e+02
6.528149247169494629e-01,1.600000000000000000e+01,2.100000000000000000e+02
6.527543663978576660e-01,2.000000000000000000e+00,2.300000000000000000e+01
6.526939272880554199e-01,2.800000000000000000e+01,6.000000000000000000e+01
6.526627540588378906e-01,4.100000000000000000e+01,1.810000000000000000e+02
6.526567935943603516e-01,4.300000000000000000e+01,7.000000000000000000e+00
6.526381373405456543e-01,3.800000000000000000e+01,5.000000000000000000e+01
6.526309251785278320e-01,2.500000000000000000e+01,7.100000000000000000e+01
6.526203751564025879e-01,3.800000000000000000e+01,1.570000000000000000e+02
6.525953412055969238e-01,3.600000000000000000e+01,9.900000000000000000e+01
6.525643467903137207e-01,1.800000000000000000e+01,2.210000000000000000e+02
6.525592803955078125e-01,3.600000000000000000e+01,8.700000000000000000e+01
6.525309681892395020e-01,3.700000000000000000e+01,6.600000000000000000e+01
6.525019407272338867e-01,3.600000000000000000e+01,1.220000000000000000e+02
6.524979472160339355e-01,7.000000000000000000e+00,1.780000000000000000e+02
6.524705886840820312e-01,2.700000000000000000e+01,1.370000000000000000e+02
6.524363756179809570e-01,3.000000000000000000e+01,2.400000000000000000e+01
6.524157524108886719e-01,5.000000000000000000e+00,4.400000000000000000e+01
6.524103283882141113e-01,1.300000000000000000e+01,8.100000000000000000e+01
6.524034142494201660e-01,1.000000000000000000e+01,2.400000000000000000e+01
6.523804664611816406e-01,2.100000000000000000e+01,2.240000000000000000e+02
6.523647904396057129e-01,3.000000000000000000e+00,1.790000000000000000e+02
6.523604393005371094e-01,7.000000000000000000e+00,7.400000000000000000e+01
6.523587107658386230e-01,7.000000000000000000e+00,1.670000000000000000e+02
6.523066163063049316e-01,1.300000000000000000e+01,1.510000000000000000e+02
6.522833704948425293e-01,4.000000000000000000e+01,1.310000000000000000e+02
6.522775888442993164e-01,2.000000000000000000e+01,2.060000000000000000e+02
6.522752046585083008e-01,2.600000000000000000e+01,1.750000000000000000e+02
6.522706151008605957e-01,3.300000000000000000e+01,2.550000000000000000e+02
6.522586941719055176e-01,2.300000000000000000e+01,1.420000000000000000e+02
6.522410511970520020e-01,1.100000000000000000e+01,5.200000000000000000e+01
6.522208452224731445e-01,3.100000000000000000e+01,1.810000000000000000e+02
6.521984338760375977e-01,2.000000000000000000e+01,5.500000000000000000e+01
6.521927714347839355e-01,4.300000000000000000e+01,2.060000000000000000e+02
6.521878838539123535e-01,1.700000000000000000e+01,1.900000000000000000e+01
6.521204710006713867e-01,2.700000000000000000e+01,1.460000000000000000e+02
6.520534753799438477e-01,3.000000000000000000e+01,2.370000000000000000e+02
6.519870162010192871e-01,4.000000000000000000e+00,1.950000000000000000e+02
6.519545912742614746e-01,4.600000000000000000e+01,1.380000000000000000e+02
6.519029140472412109e-01,4.000000000000000000e+01,1.420000000000000000e+02
6.518985629081726074e-01,8.000000000000000000e+00,1.700000000000000000e+02
6.518886089324951172e-01,2.500000000000000000e+01,1.350000000000000000e+02
6.518564224243164062e-01,1.500000000000000000e+01,2.400000000000000000e+02
6.518514156341552734e-01,3.600000000000000000e+01,1.640000000000000000e+02
6.518384814262390137e-01,4.000000000000000000e+00,1.490000000000000000e+02
6.518307328224182129e-01,6.000000000000000000e+00,2.100000000000000000e+02
6.518163084983825684e-01,2.600000000000000000e+01,2.200000000000000000e+01
6.518039107322692871e-01,2.600000000000000000e+01,6.200000000000000000e+01
6.517904400825500488e-01,3.000000000000000000e+00,1.600000000000000000e+02
6.517291069030761719e-01,9.000000000000000000e+00,4.300000000000000000e+01
6.516879796981811523e-01,2.800000000000000000e+01,6.200000000000000000e+01
6.516869664192199707e-01,3.900000000000000000e+01,1.000000000000000000e+01
6.516646742820739746e-01,2.500000000000000000e+01,1.420000000000000000e+02
6.516466140747070312e-01,1.600000000000000000e+01,1.100000000000000000e+01
6.515563130378723145e-01,4.200000000000000000e+01,1.230000000000000000e+02
6.515207886695861816e-01,3.200000000000000000e+01,6.800000000000000000e+01
6.514900922775268555e-01,1.900000000000000000e+01,1.290000000000000000e+02
6.514701843261718750e-01,6.000000000000000000e+00,1.990000000000000000e+02
6.514403223991394043e-01,4.300000000000000000e+01,1.050000000000000000e+02
6.513933539390563965e-01,0.000000000000000000e+00,1.760000000000000000e+02
6.513900160789489746e-01,1.400000000000000000e+01,8.100000000000000000e+01
6.513861417770385742e-01,7.000000000000000000e+00,1.360000000000000000e+02
6.513675451278686523e-01,3.800000000000000000e+01,1.920000000000000000e+02
6.513638496398925781e-01,4.700000000000000000e+01,1.220000000000000000e+02
6.513319611549377441e-01,2.300000000000000000e+01,1.550000000000000000e+02
6.513305902481079102e-01,1.000000000000000000e+00,1.890000000000000000e+02
6.512840390205383301e-01,5.000000000000000000e+00,2.700000000000000000e+01
6.512706875801086426e-01,3.200000000000000000e+01,2.080000000000000000e+02
6.511355042457580566e-01,3.300000000000000000e+01,1.850000000000000000e+02
6.511315703392028809e-01,2.100000000000000000e+01,5.600000000000000000e+01
6.510971784591674805e-01,2.300000000000000000e+01,1.240000000000000000e+02
6.510822176933288574e-01,3.000000000000000000e+00,2.000000000000000000e+01
6.510778665542602539e-01,2.600000000000000000e+01,5.500000000000000000e+01
6.509604454040527344e-01,5.000000000000000000e+00,1.420000000000000000e+02
6.509159207344055176e-01,3.800000000000000000e+01,5.400000000000000000e+01
6.509092450141906738e-01,3.600000000000000000e+01,7.300000000000000000e+01
6.508927345275878906e-01,4.700000000000000000e+01,1.300000000000000000e+01
6.508858799934387207e-01,2.500000000000000000e+01,1.570000000000000000e+02
6.508800387382507324e-01,1.300000000000000000e+01,2.130000000000000000e+02
6.508427858352661133e-01,3.200000000000000000e+01,6.500000000000000000e+01
6.508278846740722656e-01,2.200000000000000000e+01,1.270000000000000000e+02
6.507529616355895996e-01,4.600000000000000000e+01,1.500000000000000000e+01
6.507403850555419922e-01,3.300000000000000000e+01,4.800000000000000000e+01
6.507279872894287109e-01,2.600000000000000000e+01,1.090000000000000000e+02
6.506882309913635254e-01,1.400000000000000000e+01,3.000000000000000000e+01
6.506579518318176270e-01,4.000000000000000000e+01,1.620000000000000000e+02
6.506447196006774902e-01,3.600000000000000000e+01,1.670000000000000000e+02
6.506058573722839355e-01,4.000000000000000000e+00,4.900000000000000000e+01
6.505700945854187012e-01,4.200000000000000000e+01,4.700000000000000000e+01
6.505480408668518066e-01,1.800000000000000000e+01,9.700000000000000000e+01
6.505403518676757812e-01,3.400000000000000000e+01,2.420000000000000000e+02
6.505348086357116699e-01,4.000000000000000000e+01,2.030000000000000000e+02
6.505065560340881348e-01,2.300000000000000000e+01,1.180000000000000000e+02
6.504818201065063477e-01,4.700000000000000000e+01,6.000000000000000000e+01
6.504743695259094238e-01,8.000000000000000000e+00,6.600000000000000000e+01
6.504450440406799316e-01,3.800000000000000000e+01,1.690000000000000000e+02
6.504384875297546387e-01,3.100000000000000000e+01,5.000000000000000000e+01
6.504194736480712891e-01,3.100000000000000000e+01,1.850000000000000000e+02
6.504019498825073242e-01,1.000000000000000000e+01,3.100000000000000000e+01
6.503885388374328613e-01,3.900000000000000000e+01,1.230000000000000000e+02
6.503877639770507812e-01,4.300000000000000000e+01,1.000000000000000000e+00
6.502953171730041504e-01,1.500000000000000000e+01,5.800000000000000000e+01
6.502823233604431152e-01,4.200000000000000000e+01,2.600000000000000000e+01
6.502328515052795410e-01,2.000000000000000000e+01,2.180000000000000000e+02
6.501837372779846191e-01,3.500000000000000000e+01,2.320000000000000000e+02
6.501678824424743652e-01,4.100000000000000000e+01,1.970000000000000000e+02
6.500639319419860840e-01,3.000000000000000000e+01,7.600000000000000000e+01
6.500629782676696777e-01,2.800000000000000000e+01,1.190000000000000000e+02
6.500599980354309082e-01,3.900000000000000000e+01,2.540000000000000000e+02
6.500496268272399902e-01,1.800000000000000000e+01,2.800000000000000000e+01
6.500184535980224609e-01,6.000000000000000000e+00,1.580000000000000000e+02
6.499850749969482422e-01,1.600000000000000000e+01,3.500000000000000000e+01
6.499835252761840820e-01,2.800000000000000000e+01,1.030000000000000000e+02
6.499782800674438477e-01,3.200000000000000000e+01,1.280000000000000000e+02
6.499360203742980957e-01,1.700000000000000000e+01,2.290000000000000000e+02
6.499341726303100586e-01,2.000000000000000000e+01,4.300000000000000000e+01
6.498976945877075195e-01,3.800000000000000000e+01,1.120000000000000000e+02
6.498966813087463379e-01,4.100000000000000000e+01,1.600000000000000000e+02
6.498796343803405762e-01,1.400000000000000000e+01,7.700000000000000000e+01
6.498558521270751953e-01,8.000000000000000000e+00,4.200000000000000000e+01
6.498524546623229980e-01,1.100000000000000000e+01,1.990000000000000000e+02
6.497970223426818848e-01,1.400000000000000000e+01,2.260000000000000000e+02
6.497920751571655273e-01,1.000000000000000000e+01,8.700000000000000000e+01
6.497663855552673340e-01,2.900000000000000000e+01,2.200000000000000000e+01
6.497604846954345703e-01,3.800000000000000000e+01,4.600000000000000000e+01
6.497587561607360840e-01,1.000000000000000000e+01,2.450000000000000000e+02
6.497422456741333008e-01,3.000000000000000000e+00,4.300000000000000000e+01
6.497374773025512695e-01,3.100000000000000000e+01,4.200000000000000000e+01
6.497082114219665527e-01,1.700000000000000000e+01,1.880000000000000000e+02
6.497059464454650879e-01,3.800000000000000000e+01,8.400000000000000000e+01
6.496843099594116211e-01,3.300000000000000000e+01,2.600000000000000000e+01
6.496743559837341309e-01,3.300000000000000000e+01,2.900000000000000000e+01
6.496731638908386230e-01,3.100000000000000000e+01,1.640000000000000000e+02
6.496114730834960938e-01,3.400000000000000000e+01,4.400000000000000000e+01
6.496108174324035645e-01,6.000000000000000000e+00,1.460000000000000000e+02
6.496077775955200195e-01,1.700000000000000000e+01,1.150000000000000000e+02
6.496075987815856934e-01,2.200000000000000000e+01,1.230000000000000000e+02
6.495666503906250000e-01,2.100000000000000000e+01,1.700000000000000000e+02
6.495426893234252930e-01,9.000000000000000000e+00,3.000000000000000000e+01
6.495398879051208496e-01,3.800000000000000000e+01,2.500000000000000000e+02
6.494958400726318359e-01,3.700000000000000000e+01,2.080000000000000000e+02
6.494916677474975586e-01,3.900000000000000000e+01,1.690000000000000000e+02
6.494807004928588867e-01,2.200000000000000000e+01,8.800000000000000000e+01
6.494474411010742188e-01,3.900000000000000000e+01,1.050000000000000000e+02
6.494287848472595215e-01,3.700000000000000000e+01,5.100000000000000000e+01
6.494061350822448730e-01,9.000000000000000000e+00,2.180000000000000000e+02
6.493819355964660645e-01,1.900000000000000000e+01,1.650000000000000000e+02
6.493604183197021484e-01,3.700000000000000000e+01,1.410000000000000000e+02
6.493341326713562012e-01,7.000000000000000000e+00,2.550000000000000000e+02
6.493144631385803223e-01,1.300000000000000000e+01,1.850000000000000000e+02
6.493142843246459961e-01,3.200000000000000000e+01,1.380000000000000000e+02
6.492524147033691406e-01,2.200000000000000000e+01,5.600000000000000000e+01
6.492403149604797363e-01,2.700000000000000000e+01,6.100000000000000000e+01
6.491966843605041504e-01,4.200000000000000000e+01,1.200000000000000000e+02
6.491933465003967285e-01,3.700000000000000000e+01,1.510000000000000000e+02
6.491532921791076660e-01,2.100000000000000000e+01,1.980000000000000000e+02
6.491495370864868164e-01,3.200000000000000000e+01,5.000000000000000000e+01
6.491405367851257324e-01,3.500000000000000000e+01,2.400000000000000000e+01
6.490898728370666504e-01,1.900000000000000000e+01,2.240000000000000000e+02
6.490582823753356934e-01,4.300000000000000000e+01,2.370000000000000000e+02
6.490541696548461914e-01,2.200000000000000000e+01,1.890000000000000000e+02
6.490451097488403320e-01,3.200000000000000000e+01,2.280000000000000000e+02
6.489498019218444824e-01,3.700000000000000000e+01,8.800000000000000000e+01
6.489323377609252930e-01,4.100000000000000000e+01,2.060000000000000000e+02
6.489064097404479980e-01,3.500000000000000000e+01,4.100000000000000000e+01
6.488900780677795410e-01,2.100000000000000000e+01,9.700000000000000000e+01
6.488828659057617188e-01,4.300000000000000000e+01,2.350000000000000000e+02
6.488738059997558594e-01,4.100000000000000000e+01,1.370000000000000000e+02
6.488633751869201660e-01,2.700000000000000000e+01,4.700000000000000000e+01
6.488486528396606445e-01,1.700000000000000000e+01,6.500000000000000000e+01
6.488118171691894531e-01,3.400000000000000000e+01,2.560000000000000000e+02
6.487998962402343750e-01,2.000000000000000000e+00,1.810000000000000000e+02
6.487861275672912598e-01,4.000000000000000000e+01,1.110000000000000000e+02
6.487636566162109375e-01,8.000000000000000000e+00,1.450000000000000000e+02
6.487372517585754395e-01,4.700000000000000000e+01,1.850000000000000000e+02
6.487309336662292480e-01,2.900000000000000000e+01,3.000000000000000000e+01
6.487063169479370117e-01,1.300000000000000000e+01,1.290000000000000000e+02
6.486842036247253418e-01,2.800000000000000000e+01,1.300000000000000000e+02
6.486732363700866699e-01,2.600000000000000000e+01,9.200000000000000000e+01
6.486711502075195312e-01,4.000000000000000000e+01,7.800000000000000000e+01
6.486609578132629395e-01,1.000000000000000000e+00,1.700000000000000000e+02
6.486383676528930664e-01,2.900000000000000000e+01,2.270000000000000000e+02
6.486119031906127930e-01,4.000000000000000000e+00,4.400000000000000000e+01
6.486090421676635742e-01,2.200000000000000000e+01,1.380000000000000000e+02
6.485857367515563965e-01,1.200000000000000000e+01,2.200000000000000000e+01
6.485848426818847656e-01,6.000000000000000000e+00,9.600000000000000000e+01
6.485594511032104492e-01,1.400000000000000000e+01,1.650000000000000000e+02
6.485568284988403320e-01,1.900000000000000000e+01,2.600000000000000000e+01
6.485410928726196289e-01,1.700000000000000000e+01,2.210000000000000000e+02
6.485352516174316406e-01,1.000000000000000000e+01,1.480000000000000000e+02
6.485103368759155273e-01,8.000000000000000000e+00,1.690000000000000000e+02
6.485097408294677734e-01,3.500000000000000000e+01,1.390000000000000000e+02
6.485025882720947266e-01,2.900000000000000000e+01,9.400000000000000000e+01
6.485008001327514648e-01,1.000000000000000000e+00,1.950000000000000000e+02
6.484798192977905273e-01,4.000000000000000000e+00,6.800000000000000000e+01
6.484500169754028320e-01,1.700000000000000000e+01,2.060000000000000000e+02
6.483947634696960449e-01,2.900000000000000000e+01,4.800000000000000000e+01
6.483814716339111328e-01,1.800000000000000000e+01,1.690000000000000000e+02
6.483664512634277344e-01,1.100000000000000000e+01,8.700000000000000000e+01
6.483489274978637695e-01,2.500000000000000000e+01,6.600000000000000000e+01
6.483204960823059082e-01,1.800000000000000000e+01,7.000000000000000000e+00
6.482840776443481445e-01,4.000000000000000000e+01,7.100000000000000000e+01
6.482779383659362793e-01,1.200000000000000000e+01,2.500000000000000000e+01
6.482623219490051270e-01,2.900000000000000000e+01,1.300000000000000000e+02
6.482576131820678711e-01,1.700000000000000000e+01,2.350000000000000000e+02
6.481898427009582520e-01,1.000000000000000000e+01,1.120000000000000000e+02
6.481808423995971680e-01,4.600000000000000000e+01,1.220000000000000000e+02
6.481170058250427246e-01,1.000000000000000000e+01,4.000000000000000000e+00
6.480765342712402344e-01,1.000000000000000000e+00,1.970000000000000000e+02
6.480736732482910156e-01,2.700000000000000000e+01,3.700000000000000000e+01
6.480672955513000488e-01,3.000000000000000000e+01,7.100000000000000000e+01
6.480535864830017090e-01,4.100000000000000000e+01,2.350000000000000000e+02
6.480512619018554688e-01,3.000000000000000000e+01,5.500000000000000000e+01
6.480031609535217285e-01,1.800000000000000000e+01,7.100000000000000000e+01
6.479936242103576660e-01,2.400000000000000000e+01,1.080000000000000000e+02
6.479763984680175781e-01,1.400000000000000000e+01,2.540000000000000000e+02
6.479734182357788086e-01,3.700000000000000000e+01,2.380000000000000000e+02
6.479609608650207520e-01,6.000000000000000000e+00,2.540000000000000000e+02
6.479535698890686035e-01,3.600000000000000000e+01,2.450000000000000000e+02
6.479427218437194824e-01,3.000000000000000000e+01,1.590000000000000000e+02
6.479212641716003418e-01,8.000000000000000000e+00,1.410000000000000000e+02


