Top memorizing neurons:
6.799067258834838867e-01,4.900000000000000000e+01,0.000000000000000000e+00
4.911427497863769531e-01,4.900000000000000000e+01,1.000000000000000000e+00
6.993491053581237793e-01,4.800000000000000000e+01,0.000000000000000000e+00
4.562747478485107422e-01,4.800000000000000000e+01,2.560000000000000000e+02
8.603246212005615234e-01,4.700000000000000000e+01,2.000000000000000000e+00
6.556347012519836426e-01,4.700000000000000000e+01,2.570000000000000000e+02
5.061750411987304688e-01,4.700000000000000000e+01,9.700000000000000000e+01
4.901003539562225342e-01,4.700000000000000000e+01,1.330000000000000000e+02
4.889611005783081055e-01,4.700000000000000000e+01,1.590000000000000000e+02
4.860271215438842773e-01,4.700000000000000000e+01,9.500000000000000000e+01
4.820778071880340576e-01,4.700000000000000000e+01,4.000000000000000000e+00
4.798879027366638184e-01,4.700000000000000000e+01,1.290000000000000000e+02
4.790949523448944092e-01,4.700000000000000000e+01,1.920000000000000000e+02
4.770536422729492188e-01,4.700000000000000000e+01,8.100000000000000000e+01
4.691762924194335938e-01,4.700000000000000000e+01,1.430000000000000000e+02
4.645646214485168457e-01,4.700000000000000000e+01,5.700000000000000000e+01
4.616571664810180664e-01,4.700000000000000000e+01,1.760000000000000000e+02
4.615131616592407227e-01,4.700000000000000000e+01,1.320000000000000000e+02
4.608564376831054688e-01,4.700000000000000000e+01,1.270000000000000000e+02
4.492979347705841064e-01,4.700000000000000000e+01,1.140000000000000000e+02
4.466646611690521240e-01,4.700000000000000000e+01,1.440000000000000000e+02
4.439183473587036133e-01,4.700000000000000000e+01,1.910000000000000000e+02
4.438771903514862061e-01,4.700000000000000000e+01,1.550000000000000000e+02
4.428885877132415771e-01,4.700000000000000000e+01,1.490000000000000000e+02
4.422504007816314697e-01,4.700000000000000000e+01,1.280000000000000000e+02
4.416586458683013916e-01,4.700000000000000000e+01,1.050000000000000000e+02
4.411725401878356934e-01,4.700000000000000000e+01,9.600000000000000000e+01
4.393728077411651611e-01,4.700000000000000000e+01,2.070000000000000000e+02
4.390937685966491699e-01,4.700000000000000000e+01,1.000000000000000000e+02
4.382500648498535156e-01,4.700000000000000000e+01,3.600000000000000000e+01
4.381135404109954834e-01,4.700000000000000000e+01,3.900000000000000000e+01
4.374763965606689453e-01,4.700000000000000000e+01,3.000000000000000000e+00
4.374040365219116211e-01,4.700000000000000000e+01,1.450000000000000000e+02
7.207636237144470215e-01,4.600000000000000000e+01,2.000000000000000000e+00
5.368893146514892578e-01,4.600000000000000000e+01,5.000000000000000000e+00
5.352180600166320801e-01,4.600000000000000000e+01,2.570000000000000000e+02
5.289869904518127441e-01,4.600000000000000000e+01,1.000000000000000000e+00
5.107350349426269531e-01,4.600000000000000000e+01,4.000000000000000000e+00
4.786171913146972656e-01,4.600000000000000000e+01,1.210000000000000000e+02
4.763674736022949219e-01,4.600000000000000000e+01,1.500000000000000000e+01
4.752608239650726318e-01,4.600000000000000000e+01,5.700000000000000000e+01
4.750214815139770508e-01,4.600000000000000000e+01,1.380000000000000000e+02
4.719579219818115234e-01,4.600000000000000000e+01,1.330000000000000000e+02
4.718038439750671387e-01,4.600000000000000000e+01,1.360000000000000000e+02
4.666937589645385742e-01,4.600000000000000000e+01,1.160000000000000000e+02
4.665095806121826172e-01,4.600000000000000000e+01,6.100000000000000000e+01
4.641120731830596924e-01,4.600000000000000000e+01,1.100000000000000000e+02
4.632993042469024658e-01,4.600000000000000000e+01,1.070000000000000000e+02
4.589343070983886719e-01,4.600000000000000000e+01,1.000000000000000000e+02
4.586866497993469238e-01,4.600000000000000000e+01,1.720000000000000000e+02
4.550553262233734131e-01,4.600000000000000000e+01,3.000000000000000000e+00
4.528074562549591064e-01,4.600000000000000000e+01,1.220000000000000000e+02
4.525749385356903076e-01,4.600000000000000000e+01,1.390000000000000000e+02
4.521214067935943604e-01,4.600000000000000000e+01,5.600000000000000000e+01
4.520410299301147461e-01,4.600000000000000000e+01,1.560000000000000000e+02
4.518107771873474121e-01,4.600000000000000000e+01,3.600000000000000000e+01
4.507938623428344727e-01,4.600000000000000000e+01,1.700000000000000000e+02
4.496409296989440918e-01,4.600000000000000000e+01,1.450000000000000000e+02
4.493250250816345215e-01,4.600000000000000000e+01,1.490000000000000000e+02
4.483963549137115479e-01,4.600000000000000000e+01,5.800000000000000000e+01
4.481327831745147705e-01,4.600000000000000000e+01,1.320000000000000000e+02
4.476221799850463867e-01,4.600000000000000000e+01,1.570000000000000000e+02
4.472639560699462891e-01,4.600000000000000000e+01,6.000000000000000000e+01
4.441525340080261230e-01,4.600000000000000000e+01,6.200000000000000000e+01
4.433281123638153076e-01,4.600000000000000000e+01,1.670000000000000000e+02
4.416226148605346680e-01,4.600000000000000000e+01,1.530000000000000000e+02
4.409388899803161621e-01,4.600000000000000000e+01,1.700000000000000000e+01
4.408462345600128174e-01,4.600000000000000000e+01,7.800000000000000000e+01
4.397354423999786377e-01,4.600000000000000000e+01,8.400000000000000000e+01
4.394732117652893066e-01,4.600000000000000000e+01,1.200000000000000000e+01
4.387145042419433594e-01,4.600000000000000000e+01,9.100000000000000000e+01
4.375332891941070557e-01,4.600000000000000000e+01,1.050000000000000000e+02
6.926056742668151855e-01,4.500000000000000000e+01,2.000000000000000000e+00
5.785212516784667969e-01,4.500000000000000000e+01,1.000000000000000000e+00
5.178096890449523926e-01,4.500000000000000000e+01,1.400000000000000000e+01
4.951562583446502686e-01,4.500000000000000000e+01,1.300000000000000000e+01
4.906154572963714600e-01,4.500000000000000000e+01,1.200000000000000000e+01
4.827511608600616455e-01,4.500000000000000000e+01,3.300000000000000000e+01
4.808892905712127686e-01,4.500000000000000000e+01,1.450000000000000000e+02
4.693124294281005859e-01,4.500000000000000000e+01,1.130000000000000000e+02
4.663235843181610107e-01,4.500000000000000000e+01,1.100000000000000000e+01
4.646148383617401123e-01,4.500000000000000000e+01,7.400000000000000000e+01
4.634619057178497314e-01,4.500000000000000000e+01,5.700000000000000000e+01
4.631817340850830078e-01,4.500000000000000000e+01,1.290000000000000000e+02
4.601141512393951416e-01,4.500000000000000000e+01,2.570000000000000000e+02
4.528699219226837158e-01,4.500000000000000000e+01,1.210000000000000000e+02
4.489907920360565186e-01,4.500000000000000000e+01,9.700000000000000000e+01
4.483037590980529785e-01,4.500000000000000000e+01,5.800000000000000000e+01
4.442728161811828613e-01,4.500000000000000000e+01,1.060000000000000000e+02
4.435774683952331543e-01,4.500000000000000000e+01,8.000000000000000000e+00
5.373300313949584961e-01,4.400000000000000000e+01,2.000000000000000000e+00
5.077250599861145020e-01,4.400000000000000000e+01,1.000000000000000000e+00
4.617236256599426270e-01,4.400000000000000000e+01,1.500000000000000000e+01
4.490536153316497803e-01,4.400000000000000000e+01,2.570000000000000000e+02
4.448208808898925781e-01,4.400000000000000000e+01,9.700000000000000000e+01
6.034237742424011230e-01,4.300000000000000000e+01,3.000000000000000000e+00
6.013277173042297363e-01,4.300000000000000000e+01,2.000000000000000000e+00
5.709267258644104004e-01,4.300000000000000000e+01,2.570000000000000000e+02
5.096291303634643555e-01,4.300000000000000000e+01,1.000000000000000000e+00
5.087925791740417480e-01,4.300000000000000000e+01,1.450000000000000000e+02
4.791357219219207764e-01,4.300000000000000000e+01,6.500000000000000000e+01
4.730918109416961670e-01,4.300000000000000000e+01,3.200000000000000000e+01
4.682259261608123779e-01,4.300000000000000000e+01,1.610000000000000000e+02
4.644092619419097900e-01,4.300000000000000000e+01,2.250000000000000000e+02
4.630025625228881836e-01,4.300000000000000000e+01,1.290000000000000000e+02
4.625780880451202393e-01,4.300000000000000000e+01,1.560000000000000000e+02
4.551250338554382324e-01,4.300000000000000000e+01,4.800000000000000000e+01
4.483855068683624268e-01,4.300000000000000000e+01,1.630000000000000000e+02
4.453933835029602051e-01,4.300000000000000000e+01,2.100000000000000000e+01
4.412087500095367432e-01,4.300000000000000000e+01,3.300000000000000000e+01
4.405894577503204346e-01,4.300000000000000000e+01,3.000000000000000000e+01
4.374786019325256348e-01,4.300000000000000000e+01,1.780000000000000000e+02
6.605015397071838379e-01,4.200000000000000000e+01,3.000000000000000000e+00
5.943554043769836426e-01,4.200000000000000000e+01,2.570000000000000000e+02
5.263823866844177246e-01,4.200000000000000000e+01,1.000000000000000000e+00
4.955348670482635498e-01,4.200000000000000000e+01,4.000000000000000000e+00
4.719191193580627441e-01,4.200000000000000000e+01,4.800000000000000000e+01
4.710444211959838867e-01,4.200000000000000000e+01,7.000000000000000000e+00
4.700668156147003174e-01,4.200000000000000000e+01,5.000000000000000000e+01
4.615384638309478760e-01,4.200000000000000000e+01,2.000000000000000000e+00
4.541289806365966797e-01,4.200000000000000000e+01,5.000000000000000000e+00
4.494896233081817627e-01,4.200000000000000000e+01,6.000000000000000000e+00
4.436281621456146240e-01,4.200000000000000000e+01,8.000000000000000000e+00
6.151559948921203613e-01,4.100000000000000000e+01,2.570000000000000000e+02
5.770104527473449707e-01,4.100000000000000000e+01,1.000000000000000000e+00
4.967765510082244873e-01,4.100000000000000000e+01,1.920000000000000000e+02
4.712158739566802979e-01,4.100000000000000000e+01,2.370000000000000000e+02
4.641175866127014160e-01,4.100000000000000000e+01,2.080000000000000000e+02
4.494219422340393066e-01,4.100000000000000000e+01,3.000000000000000000e+00
4.401504993438720703e-01,4.100000000000000000e+01,6.500000000000000000e+01
5.724868774414062500e-01,4.000000000000000000e+01,2.570000000000000000e+02
5.560619235038757324e-01,4.000000000000000000e+01,1.000000000000000000e+00
4.766633212566375732e-01,4.000000000000000000e+01,5.000000000000000000e+00
4.657273888587951660e-01,4.000000000000000000e+01,2.100000000000000000e+02
4.626592993736267090e-01,4.000000000000000000e+01,2.500000000000000000e+01
4.522354304790496826e-01,4.000000000000000000e+01,4.000000000000000000e+00
4.469099044799804688e-01,4.000000000000000000e+01,6.000000000000000000e+00
4.400684237480163574e-01,4.000000000000000000e+01,1.800000000000000000e+01
6.799043416976928711e-01,3.900000000000000000e+01,2.570000000000000000e+02
5.402061343193054199e-01,3.900000000000000000e+01,1.000000000000000000e+00
4.846115708351135254e-01,3.900000000000000000e+01,6.000000000000000000e+00
4.586713016033172607e-01,3.900000000000000000e+01,3.300000000000000000e+01
4.495904743671417236e-01,3.900000000000000000e+01,1.410000000000000000e+02
6.369504928588867188e-01,3.800000000000000000e+01,2.570000000000000000e+02
5.731348395347595215e-01,3.800000000000000000e+01,1.000000000000000000e+00
4.631689488887786865e-01,3.800000000000000000e+01,1.200000000000000000e+02
4.555021822452545166e-01,3.800000000000000000e+01,1.010000000000000000e+02
4.547391831874847412e-01,3.800000000000000000e+01,1.660000000000000000e+02
4.520378410816192627e-01,3.800000000000000000e+01,1.230000000000000000e+02
4.390013515949249268e-01,3.800000000000000000e+01,2.100000000000000000e+02
6.693984866142272949e-01,3.700000000000000000e+01,2.570000000000000000e+02
5.630890130996704102e-01,3.700000000000000000e+01,1.000000000000000000e+00
4.940344691276550293e-01,3.700000000000000000e+01,1.500000000000000000e+01
4.696905612945556641e-01,3.700000000000000000e+01,3.200000000000000000e+01
7.213379144668579102e-01,3.600000000000000000e+01,2.570000000000000000e+02
5.770620107650756836e-01,3.600000000000000000e+01,1.000000000000000000e+00
4.891409575939178467e-01,3.600000000000000000e+01,2.100000000000000000e+02
4.544774293899536133e-01,3.600000000000000000e+01,7.100000000000000000e+01
4.394996166229248047e-01,3.600000000000000000e+01,3.200000000000000000e+01
7.188201546669006348e-01,3.500000000000000000e+01,2.570000000000000000e+02
5.642167329788208008e-01,3.500000000000000000e+01,1.000000000000000000e+00
4.845619201660156250e-01,3.500000000000000000e+01,1.400000000000000000e+01
4.779801964759826660e-01,3.500000000000000000e+01,1.300000000000000000e+01
4.542139470577239990e-01,3.500000000000000000e+01,1.500000000000000000e+01
4.522720277309417725e-01,3.500000000000000000e+01,1.200000000000000000e+01
6.888725757598876953e-01,3.400000000000000000e+01,2.570000000000000000e+02
5.142111778259277344e-01,3.400000000000000000e+01,1.000000000000000000e+00
4.906510710716247559e-01,3.400000000000000000e+01,3.300000000000000000e+01
4.812825024127960205e-01,3.400000000000000000e+01,1.700000000000000000e+01
4.639078676700592041e-01,3.400000000000000000e+01,6.500000000000000000e+01
4.476057589054107666e-01,3.400000000000000000e+01,1.400000000000000000e+01
7.579159736633300781e-01,3.300000000000000000e+01,2.570000000000000000e+02
5.522416234016418457e-01,3.300000000000000000e+01,1.000000000000000000e+00
4.464789330959320068e-01,3.300000000000000000e+01,6.600000000000000000e+01
7.596146464347839355e-01,3.200000000000000000e+01,2.570000000000000000e+02
5.574248433113098145e-01,3.200000000000000000e+01,1.000000000000000000e+00
4.954611957073211670e-01,3.200000000000000000e+01,2.100000000000000000e+02
4.451885521411895752e-01,3.200000000000000000e+01,2.230000000000000000e+02
7.642605900764465332e-01,3.100000000000000000e+01,2.570000000000000000e+02
5.747863054275512695e-01,3.100000000000000000e+01,1.000000000000000000e+00
4.507807195186614990e-01,3.100000000000000000e+01,1.630000000000000000e+02
4.399605095386505127e-01,3.100000000000000000e+01,1.500000000000000000e+01
4.378660917282104492e-01,3.100000000000000000e+01,1.500000000000000000e+02
7.285273671150207520e-01,3.000000000000000000e+01,2.570000000000000000e+02
5.497984886169433594e-01,3.000000000000000000e+01,1.000000000000000000e+00
4.714758694171905518e-01,3.000000000000000000e+01,2.240000000000000000e+02
4.466523230075836182e-01,3.000000000000000000e+01,1.650000000000000000e+02
4.464149773120880127e-01,3.000000000000000000e+01,9.700000000000000000e+01
7.078175544738769531e-01,2.900000000000000000e+01,2.570000000000000000e+02
4.667487144470214844e-01,2.900000000000000000e+01,1.000000000000000000e+00
4.530742168426513672e-01,2.900000000000000000e+01,1.500000000000000000e+01
7.012776136398315430e-01,2.800000000000000000e+01,2.570000000000000000e+02
4.672012925148010254e-01,2.800000000000000000e+01,7.000000000000000000e+00
4.634968042373657227e-01,2.800000000000000000e+01,1.130000000000000000e+02
4.574288725852966309e-01,2.800000000000000000e+01,8.100000000000000000e+01
4.559227824211120605e-01,2.800000000000000000e+01,2.480000000000000000e+02
4.499929547309875488e-01,2.800000000000000000e+01,1.920000000000000000e+02
4.471283853054046631e-01,2.800000000000000000e+01,1.290000000000000000e+02
4.409723877906799316e-01,2.800000000000000000e+01,2.470000000000000000e+02
4.386353790760040283e-01,2.800000000000000000e+01,4.000000000000000000e+01
6.886442303657531738e-01,2.700000000000000000e+01,2.570000000000000000e+02
4.683672189712524414e-01,2.700000000000000000e+01,1.150000000000000000e+02
4.564113020896911621e-01,2.700000000000000000e+01,1.140000000000000000e+02
4.490201473236083984e-01,2.700000000000000000e+01,1.650000000000000000e+02
4.441167116165161133e-01,2.700000000000000000e+01,2.550000000000000000e+02
4.382975697517395020e-01,2.700000000000000000e+01,1.130000000000000000e+02
4.377000331878662109e-01,2.700000000000000000e+01,2.540000000000000000e+02
6.017165184020996094e-01,2.600000000000000000e+01,2.570000000000000000e+02
4.775074422359466553e-01,2.600000000000000000e+01,1.690000000000000000e+02
4.741743206977844238e-01,2.600000000000000000e+01,1.400000000000000000e+01
4.566495716571807861e-01,2.600000000000000000e+01,1.530000000000000000e+02
4.470830559730529785e-01,2.600000000000000000e+01,3.300000000000000000e+01
4.457226693630218506e-01,2.600000000000000000e+01,1.850000000000000000e+02
4.417000710964202881e-01,2.600000000000000000e+01,1.720000000000000000e+02
6.637819409370422363e-01,2.500000000000000000e+01,2.570000000000000000e+02
5.059835314750671387e-01,2.500000000000000000e+01,1.500000000000000000e+01
4.746477305889129639e-01,2.500000000000000000e+01,1.600000000000000000e+01
4.659524857997894287e-01,2.500000000000000000e+01,2.000000000000000000e+02
4.646444022655487061e-01,2.500000000000000000e+01,2.070000000000000000e+02
4.601151347160339355e-01,2.500000000000000000e+01,1.200000000000000000e+01
4.551414847373962402e-01,2.500000000000000000e+01,2.040000000000000000e+02
4.523638188838958740e-01,2.500000000000000000e+01,1.150000000000000000e+02
4.522475600242614746e-01,2.500000000000000000e+01,2.330000000000000000e+02
4.506897926330566406e-01,2.500000000000000000e+01,2.000000000000000000e+01
4.481973648071289062e-01,2.500000000000000000e+01,8.100000000000000000e+01
4.445784986019134521e-01,2.500000000000000000e+01,2.080000000000000000e+02
4.427248239517211914e-01,2.500000000000000000e+01,2.230000000000000000e+02
4.410130679607391357e-01,2.500000000000000000e+01,1.470000000000000000e+02
4.404058456420898438e-01,2.500000000000000000e+01,1.980000000000000000e+02
4.395007491111755371e-01,2.500000000000000000e+01,2.030000000000000000e+02
7.210375070571899414e-01,2.400000000000000000e+01,2.570000000000000000e+02
5.557181835174560547e-01,2.400000000000000000e+01,1.600000000000000000e+01
5.209097266197204590e-01,2.400000000000000000e+01,1.750000000000000000e+02
5.004112124443054199e-01,2.400000000000000000e+01,2.000000000000000000e+02
4.833212792873382568e-01,2.400000000000000000e+01,1.600000000000000000e+02
4.815745353698730469e-01,2.400000000000000000e+01,1.110000000000000000e+02
4.782686233520507812e-01,2.400000000000000000e+01,1.340000000000000000e+02
4.725475311279296875e-01,2.400000000000000000e+01,1.830000000000000000e+02
4.718715548515319824e-01,2.400000000000000000e+01,1.120000000000000000e+02
4.690278768539428711e-01,2.400000000000000000e+01,1.200000000000000000e+01
4.677327871322631836e-01,2.400000000000000000e+01,1.620000000000000000e+02
4.669609367847442627e-01,2.400000000000000000e+01,1.300000000000000000e+02
4.668376147747039795e-01,2.400000000000000000e+01,1.940000000000000000e+02
4.655205309391021729e-01,2.400000000000000000e+01,1.280000000000000000e+02
4.645421206951141357e-01,2.400000000000000000e+01,2.160000000000000000e+02
4.640783965587615967e-01,2.400000000000000000e+01,1.780000000000000000e+02
4.631448984146118164e-01,2.400000000000000000e+01,1.760000000000000000e+02
4.626911580562591553e-01,2.400000000000000000e+01,1.690000000000000000e+02
4.608103930950164795e-01,2.400000000000000000e+01,1.860000000000000000e+02
4.598841071128845215e-01,2.400000000000000000e+01,2.020000000000000000e+02
4.576744735240936279e-01,2.400000000000000000e+01,1.590000000000000000e+02
4.576593637466430664e-01,2.400000000000000000e+01,2.180000000000000000e+02
4.563000202178955078e-01,2.400000000000000000e+01,1.180000000000000000e+02
4.559195935726165771e-01,2.400000000000000000e+01,1.850000000000000000e+02
4.557253718376159668e-01,2.400000000000000000e+01,2.010000000000000000e+02
4.543979167938232422e-01,2.400000000000000000e+01,2.120000000000000000e+02
4.536734819412231445e-01,2.400000000000000000e+01,1.300000000000000000e+01
4.516432285308837891e-01,2.400000000000000000e+01,1.270000000000000000e+02
4.506022930145263672e-01,2.400000000000000000e+01,8.000000000000000000e+01
4.505460262298583984e-01,2.400000000000000000e+01,2.150000000000000000e+02
4.489855766296386719e-01,2.400000000000000000e+01,1.100000000000000000e+02
4.484749734401702881e-01,2.400000000000000000e+01,1.440000000000000000e+02
4.408461749553680420e-01,2.400000000000000000e+01,2.170000000000000000e+02
4.373649060726165771e-01,2.400000000000000000e+01,1.520000000000000000e+02
7.252721786499023438e-01,2.300000000000000000e+01,2.570000000000000000e+02
5.207955241203308105e-01,2.300000000000000000e+01,1.600000000000000000e+02
5.194616913795471191e-01,2.300000000000000000e+01,1.920000000000000000e+02
5.019158720970153809e-01,2.300000000000000000e+01,1.760000000000000000e+02
5.007899403572082520e-01,2.300000000000000000e+01,1.180000000000000000e+02
4.975889325141906738e-01,2.300000000000000000e+01,1.280000000000000000e+02
4.934360384941101074e-01,2.300000000000000000e+01,7.000000000000000000e+01
4.933328628540039062e-01,2.300000000000000000e+01,2.080000000000000000e+02
4.917061924934387207e-01,2.300000000000000000e+01,1.190000000000000000e+02
4.795041978359222412e-01,2.300000000000000000e+01,1.700000000000000000e+01
4.776491224765777588e-01,2.300000000000000000e+01,1.440000000000000000e+02
4.775342345237731934e-01,2.300000000000000000e+01,2.170000000000000000e+02
4.748351573944091797e-01,2.300000000000000000e+01,2.100000000000000000e+02
4.723447561264038086e-01,2.300000000000000000e+01,1.360000000000000000e+02
4.719139933586120605e-01,2.300000000000000000e+01,1.120000000000000000e+02
4.690267145633697510e-01,2.300000000000000000e+01,8.200000000000000000e+01
4.688503444194793701e-01,2.300000000000000000e+01,1.340000000000000000e+02
4.686007499694824219e-01,2.300000000000000000e+01,2.120000000000000000e+02
4.633277058601379395e-01,2.300000000000000000e+01,6.900000000000000000e+01
4.616067707538604736e-01,2.300000000000000000e+01,8.500000000000000000e+01
4.610480666160583496e-01,2.300000000000000000e+01,1.600000000000000000e+01
4.603161215782165527e-01,2.300000000000000000e+01,8.000000000000000000e+00
4.599680304527282715e-01,2.300000000000000000e+01,2.000000000000000000e+01
4.597034454345703125e-01,2.300000000000000000e+01,1.510000000000000000e+02
4.591641426086425781e-01,2.300000000000000000e+01,1.200000000000000000e+02
4.553020000457763672e-01,2.300000000000000000e+01,1.560000000000000000e+02
4.550762176513671875e-01,2.300000000000000000e+01,9.000000000000000000e+00
4.549794495105743408e-01,2.300000000000000000e+01,1.270000000000000000e+02
4.535647630691528320e-01,2.300000000000000000e+01,1.520000000000000000e+02
4.533715546131134033e-01,2.300000000000000000e+01,1.490000000000000000e+02
4.522498250007629395e-01,2.300000000000000000e+01,9.800000000000000000e+01
4.522463381290435791e-01,2.300000000000000000e+01,1.430000000000000000e+02
4.503823220729827881e-01,2.300000000000000000e+01,1.170000000000000000e+02
4.482816457748413086e-01,2.300000000000000000e+01,1.320000000000000000e+02
4.480591714382171631e-01,2.300000000000000000e+01,1.960000000000000000e+02
4.464625418186187744e-01,2.300000000000000000e+01,2.090000000000000000e+02
4.445993602275848389e-01,2.300000000000000000e+01,1.940000000000000000e+02
4.442792832851409912e-01,2.300000000000000000e+01,1.590000000000000000e+02
4.413849115371704102e-01,2.300000000000000000e+01,1.660000000000000000e+02
4.406250417232513428e-01,2.300000000000000000e+01,2.230000000000000000e+02
4.390397965908050537e-01,2.300000000000000000e+01,1.980000000000000000e+02
4.387371540069580078e-01,2.300000000000000000e+01,9.600000000000000000e+01
4.386225044727325439e-01,2.300000000000000000e+01,6.300000000000000000e+01
4.383465647697448730e-01,2.300000000000000000e+01,1.300000000000000000e+01
4.378964900970458984e-01,2.300000000000000000e+01,1.750000000000000000e+02
4.373471438884735107e-01,2.300000000000000000e+01,1.780000000000000000e+02
5.650569200515747070e-01,2.200000000000000000e+01,2.570000000000000000e+02
4.906362295150756836e-01,2.200000000000000000e+01,9.600000000000000000e+01
4.892728328704833984e-01,2.200000000000000000e+01,1.200000000000000000e+02
4.809817671775817871e-01,2.200000000000000000e+01,8.900000000000000000e+01
4.804747402667999268e-01,2.200000000000000000e+01,1.370000000000000000e+02
4.797231554985046387e-01,2.200000000000000000e+01,2.120000000000000000e+02
4.769027233123779297e-01,2.200000000000000000e+01,2.180000000000000000e+02
4.756186008453369141e-01,2.200000000000000000e+01,2.410000000000000000e+02
4.749523103237152100e-01,2.200000000000000000e+01,7.000000000000000000e+00
4.711211025714874268e-01,2.200000000000000000e+01,2.100000000000000000e+02
4.708377122879028320e-01,2.200000000000000000e+01,2.040000000000000000e+02
4.701027870178222656e-01,2.200000000000000000e+01,1.350000000000000000e+02
4.678778946399688721e-01,2.200000000000000000e+01,1.260000000000000000e+02
4.673547744750976562e-01,2.200000000000000000e+01,2.420000000000000000e+02
4.672287702560424805e-01,2.200000000000000000e+01,1.460000000000000000e+02
4.668031930923461914e-01,2.200000000000000000e+01,1.960000000000000000e+02
4.638536572456359863e-01,2.200000000000000000e+01,1.000000000000000000e+01
4.634201228618621826e-01,2.200000000000000000e+01,2.070000000000000000e+02
4.633938670158386230e-01,2.200000000000000000e+01,1.180000000000000000e+02
4.623331427574157715e-01,2.200000000000000000e+01,6.300000000000000000e+01
4.618462324142456055e-01,2.200000000000000000e+01,8.000000000000000000e+01
4.610987305641174316e-01,2.200000000000000000e+01,8.000000000000000000e+00
4.608470797538757324e-01,2.200000000000000000e+01,1.380000000000000000e+02
4.604077637195587158e-01,2.200000000000000000e+01,1.280000000000000000e+02
4.580217003822326660e-01,2.200000000000000000e+01,1.340000000000000000e+02
4.578751623630523682e-01,2.200000000000000000e+01,1.650000000000000000e+02
4.577197432518005371e-01,2.200000000000000000e+01,1.020000000000000000e+02
4.570536315441131592e-01,2.200000000000000000e+01,9.000000000000000000e+00
4.548569321632385254e-01,2.200000000000000000e+01,1.750000000000000000e+02
4.542672336101531982e-01,2.200000000000000000e+01,1.270000000000000000e+02
4.540161490440368652e-01,2.200000000000000000e+01,1.920000000000000000e+02
4.539954960346221924e-01,2.200000000000000000e+01,7.000000000000000000e+01
4.535908699035644531e-01,2.200000000000000000e+01,1.940000000000000000e+02
4.533848464488983154e-01,2.200000000000000000e+01,1.100000000000000000e+01
4.522820413112640381e-01,2.200000000000000000e+01,1.120000000000000000e+02
4.519415199756622314e-01,2.200000000000000000e+01,1.320000000000000000e+02
4.510068297386169434e-01,2.200000000000000000e+01,1.030000000000000000e+02
4.490897655487060547e-01,2.200000000000000000e+01,1.430000000000000000e+02
4.485012292861938477e-01,2.200000000000000000e+01,1.840000000000000000e+02
4.484311044216156006e-01,2.200000000000000000e+01,1.760000000000000000e+02
4.482841789722442627e-01,2.200000000000000000e+01,2.380000000000000000e+02
4.476876556873321533e-01,2.200000000000000000e+01,1.300000000000000000e+02
4.472771883010864258e-01,2.200000000000000000e+01,1.250000000000000000e+02
4.468130767345428467e-01,2.200000000000000000e+01,2.170000000000000000e+02
4.461380243301391602e-01,2.200000000000000000e+01,1.510000000000000000e+02
4.459950029850006104e-01,2.200000000000000000e+01,6.900000000000000000e+01
4.451942145824432373e-01,2.200000000000000000e+01,8.600000000000000000e+01
4.435921013355255127e-01,2.200000000000000000e+01,1.700000000000000000e+02
4.434528052806854248e-01,2.200000000000000000e+01,1.050000000000000000e+02
4.430533945560455322e-01,2.200000000000000000e+01,2.230000000000000000e+02
4.421924352645874023e-01,2.200000000000000000e+01,8.800000000000000000e+01
4.418980181217193604e-01,2.200000000000000000e+01,1.360000000000000000e+02
4.416265189647674561e-01,2.200000000000000000e+01,1.860000000000000000e+02
4.414066374301910400e-01,2.200000000000000000e+01,1.190000000000000000e+02
4.410446584224700928e-01,2.200000000000000000e+01,9.500000000000000000e+01
4.401554167270660400e-01,2.200000000000000000e+01,1.670000000000000000e+02
4.393098950386047363e-01,2.200000000000000000e+01,2.030000000000000000e+02
4.386046230792999268e-01,2.200000000000000000e+01,1.770000000000000000e+02
4.379811584949493408e-01,2.200000000000000000e+01,1.620000000000000000e+02
4.378566145896911621e-01,2.200000000000000000e+01,1.890000000000000000e+02
4.377048611640930176e-01,2.200000000000000000e+01,2.210000000000000000e+02
4.373424053192138672e-01,2.200000000000000000e+01,1.100000000000000000e+02
6.204126477241516113e-01,2.100000000000000000e+01,2.570000000000000000e+02
4.840673506259918213e-01,2.100000000000000000e+01,1.020000000000000000e+02
4.812939763069152832e-01,2.100000000000000000e+01,1.610000000000000000e+02
4.747767448425292969e-01,2.100000000000000000e+01,1.450000000000000000e+02
4.726574420928955078e-01,2.100000000000000000e+01,1.290000000000000000e+02
4.613786935806274414e-01,2.100000000000000000e+01,1.770000000000000000e+02
4.580160975456237793e-01,2.100000000000000000e+01,2.210000000000000000e+02
4.573462903499603271e-01,2.100000000000000000e+01,2.090000000000000000e+02
4.541607201099395752e-01,2.100000000000000000e+01,8.700000000000000000e+01
4.513666629791259766e-01,2.100000000000000000e+01,2.010000000000000000e+02
4.510619938373565674e-01,2.100000000000000000e+01,1.190000000000000000e+02
4.485073387622833252e-01,2.100000000000000000e+01,2.050000000000000000e+02
4.481628239154815674e-01,2.100000000000000000e+01,2.350000000000000000e+02
4.471969008445739746e-01,2.100000000000000000e+01,5.000000000000000000e+01
4.443914592266082764e-01,2.100000000000000000e+01,9.000000000000000000e+00
4.436445832252502441e-01,2.100000000000000000e+01,1.130000000000000000e+02
4.416313767433166504e-01,2.100000000000000000e+01,1.460000000000000000e+02
5.545980930328369141e-01,2.000000000000000000e+01,2.570000000000000000e+02
5.441515445709228516e-01,2.000000000000000000e+01,1.000000000000000000e+00
5.402641296386718750e-01,2.000000000000000000e+01,1.600000000000000000e+02
5.386675000190734863e-01,2.000000000000000000e+01,1.880000000000000000e+02
5.358675718307495117e-01,2.000000000000000000e+01,1.890000000000000000e+02
5.343639254570007324e-01,2.000000000000000000e+01,2.020000000000000000e+02
5.333070158958435059e-01,2.000000000000000000e+01,2.040000000000000000e+02
5.315970182418823242e-01,2.000000000000000000e+01,1.700000000000000000e+02
5.310215353965759277e-01,2.000000000000000000e+01,1.870000000000000000e+02
5.303252339363098145e-01,2.000000000000000000e+01,2.010000000000000000e+02
5.287654995918273926e-01,2.000000000000000000e+01,1.590000000000000000e+02
5.286513566970825195e-01,2.000000000000000000e+01,2.030000000000000000e+02
5.240181088447570801e-01,2.000000000000000000e+01,1.840000000000000000e+02
5.239361524581909180e-01,2.000000000000000000e+01,1.760000000000000000e+02
5.208574533462524414e-01,2.000000000000000000e+01,1.750000000000000000e+02
5.163404941558837891e-01,2.000000000000000000e+01,1.850000000000000000e+02
5.158445835113525391e-01,2.000000000000000000e+01,1.710000000000000000e+02
5.139287114143371582e-01,2.000000000000000000e+01,1.910000000000000000e+02
5.134883522987365723e-01,2.000000000000000000e+01,2.170000000000000000e+02
5.114523768424987793e-01,2.000000000000000000e+01,1.440000000000000000e+02
5.103285908699035645e-01,2.000000000000000000e+01,1.570000000000000000e+02
5.088216066360473633e-01,2.000000000000000000e+01,1.720000000000000000e+02
5.085256099700927734e-01,2.000000000000000000e+01,2.200000000000000000e+02
5.081649422645568848e-01,2.000000000000000000e+01,1.690000000000000000e+02
5.072926282882690430e-01,2.000000000000000000e+01,1.860000000000000000e+02
5.064495801925659180e-01,2.000000000000000000e+01,1.560000000000000000e+02
5.061620473861694336e-01,2.000000000000000000e+01,2.070000000000000000e+02
5.040843486785888672e-01,2.000000000000000000e+01,1.410000000000000000e+02
5.007487535476684570e-01,2.000000000000000000e+01,1.430000000000000000e+02
5.000765919685363770e-01,2.000000000000000000e+01,2.050000000000000000e+02
4.987913370132446289e-01,2.000000000000000000e+01,1.820000000000000000e+02
4.982354938983917236e-01,2.000000000000000000e+01,1.730000000000000000e+02
4.974887967109680176e-01,2.000000000000000000e+01,2.120000000000000000e+02
4.936292469501495361e-01,2.000000000000000000e+01,1.800000000000000000e+02
4.933205544948577881e-01,2.000000000000000000e+01,1.960000000000000000e+02
4.932108521461486816e-01,2.000000000000000000e+01,2.180000000000000000e+02
4.921100139617919922e-01,2.000000000000000000e+01,1.540000000000000000e+02
4.919610321521759033e-01,2.000000000000000000e+01,1.740000000000000000e+02
4.912601709365844727e-01,2.000000000000000000e+01,1.920000000000000000e+02
4.893213212490081787e-01,2.000000000000000000e+01,2.080000000000000000e+02
4.890840649604797363e-01,2.000000000000000000e+01,1.900000000000000000e+02
4.888841211795806885e-01,2.000000000000000000e+01,1.580000000000000000e+02
4.877383112907409668e-01,2.000000000000000000e+01,2.000000000000000000e+02
4.859431684017181396e-01,2.000000000000000000e+01,2.090000000000000000e+02
4.839235842227935791e-01,2.000000000000000000e+01,1.100000000000000000e+01
4.837295413017272949e-01,2.000000000000000000e+01,1.270000000000000000e+02
4.815872609615325928e-01,2.000000000000000000e+01,1.550000000000000000e+02
4.781133830547332764e-01,2.000000000000000000e+01,2.230000000000000000e+02
4.744104743003845215e-01,2.000000000000000000e+01,1.280000000000000000e+02
4.724661707878112793e-01,2.000000000000000000e+01,0.000000000000000000e+00
4.723922014236450195e-01,2.000000000000000000e+01,1.980000000000000000e+02
4.722153544425964355e-01,2.000000000000000000e+01,1.370000000000000000e+02
4.687499701976776123e-01,2.000000000000000000e+01,1.990000000000000000e+02
4.671880304813385010e-01,2.000000000000000000e+01,2.130000000000000000e+02
4.670893549919128418e-01,2.000000000000000000e+01,2.150000000000000000e+02
4.653070569038391113e-01,2.000000000000000000e+01,2.100000000000000000e+02
4.648269414901733398e-01,2.000000000000000000e+01,1.380000000000000000e+02
4.645702540874481201e-01,2.000000000000000000e+01,2.160000000000000000e+02
4.639715552330017090e-01,2.000000000000000000e+01,2.060000000000000000e+02
4.636378586292266846e-01,2.000000000000000000e+01,2.190000000000000000e+02
4.612466990947723389e-01,2.000000000000000000e+01,1.970000000000000000e+02
4.607412219047546387e-01,2.000000000000000000e+01,1.810000000000000000e+02
4.598482251167297363e-01,2.000000000000000000e+01,2.360000000000000000e+02
4.592799246311187744e-01,2.000000000000000000e+01,9.000000000000000000e+00
4.585379958152770996e-01,2.000000000000000000e+01,2.210000000000000000e+02
4.562020599842071533e-01,2.000000000000000000e+01,2.330000000000000000e+02
4.544043540954589844e-01,2.000000000000000000e+01,2.220000000000000000e+02
4.526617228984832764e-01,2.000000000000000000e+01,1.680000000000000000e+02
4.526016116142272949e-01,2.000000000000000000e+01,1.530000000000000000e+02
4.511068463325500488e-01,2.000000000000000000e+01,1.400000000000000000e+02
4.499712586402893066e-01,2.000000000000000000e+01,1.780000000000000000e+02
4.496654868125915527e-01,2.000000000000000000e+01,1.930000000000000000e+02
4.495379328727722168e-01,2.000000000000000000e+01,6.300000000000000000e+01
4.493832290172576904e-01,2.000000000000000000e+01,2.140000000000000000e+02
4.480240941047668457e-01,2.000000000000000000e+01,1.420000000000000000e+02
4.480047821998596191e-01,2.000000000000000000e+01,1.830000000000000000e+02
4.476885795593261719e-01,2.000000000000000000e+01,1.390000000000000000e+02
4.467251300811767578e-01,2.000000000000000000e+01,7.900000000000000000e+01
4.452686905860900879e-01,2.000000000000000000e+01,1.940000000000000000e+02
4.445129930973052979e-01,2.000000000000000000e+01,8.800000000000000000e+01
4.427205622196197510e-01,2.000000000000000000e+01,1.250000000000000000e+02
4.418367445468902588e-01,2.000000000000000000e+01,2.280000000000000000e+02
4.415256083011627197e-01,2.000000000000000000e+01,1.000000000000000000e+01
4.404269456863403320e-01,2.000000000000000000e+01,8.900000000000000000e+01
4.377806186676025391e-01,2.000000000000000000e+01,1.040000000000000000e+02
6.850721240043640137e-01,1.900000000000000000e+01,2.570000000000000000e+02
5.368578433990478516e-01,1.900000000000000000e+01,2.280000000000000000e+02
5.337305665016174316e-01,1.900000000000000000e+01,1.000000000000000000e+01
5.256618857383728027e-01,1.900000000000000000e+01,2.290000000000000000e+02
5.235015749931335449e-01,1.900000000000000000e+01,2.110000000000000000e+02
5.226488709449768066e-01,1.900000000000000000e+01,1.100000000000000000e+01
5.177441835403442383e-01,1.900000000000000000e+01,1.300000000000000000e+01
5.106952786445617676e-01,1.900000000000000000e+01,1.060000000000000000e+02
5.090313553810119629e-01,1.900000000000000000e+01,2.270000000000000000e+02
5.087004303932189941e-01,1.900000000000000000e+01,1.170000000000000000e+02
5.028369426727294922e-01,1.900000000000000000e+01,8.000000000000000000e+00
5.020183324813842773e-01,1.900000000000000000e+01,1.500000000000000000e+02
5.018721222877502441e-01,1.900000000000000000e+01,2.010000000000000000e+02
5.014348030090332031e-01,1.900000000000000000e+01,2.120000000000000000e+02
4.975219964981079102e-01,1.900000000000000000e+01,2.180000000000000000e+02
4.974999725818634033e-01,1.900000000000000000e+01,2.130000000000000000e+02
4.938568174839019775e-01,1.900000000000000000e+01,2.260000000000000000e+02
4.892930388450622559e-01,1.900000000000000000e+01,2.300000000000000000e+02
4.891367256641387939e-01,1.900000000000000000e+01,2.250000000000000000e+02
4.878339767456054688e-01,1.900000000000000000e+01,2.040000000000000000e+02
4.875904023647308350e-01,1.900000000000000000e+01,1.200000000000000000e+01
4.866963028907775879e-01,1.900000000000000000e+01,2.100000000000000000e+02
4.857607483863830566e-01,1.900000000000000000e+01,2.190000000000000000e+02
4.823073148727416992e-01,1.900000000000000000e+01,2.230000000000000000e+02
4.819381237030029297e-01,1.900000000000000000e+01,1.020000000000000000e+02
4.818794429302215576e-01,1.900000000000000000e+01,1.190000000000000000e+02
4.811452627182006836e-01,1.900000000000000000e+01,2.240000000000000000e+02
4.807473421096801758e-01,1.900000000000000000e+01,2.400000000000000000e+02
4.802334606647491455e-01,1.900000000000000000e+01,2.170000000000000000e+02
4.796946644783020020e-01,1.900000000000000000e+01,9.000000000000000000e+00
4.795285463333129883e-01,1.900000000000000000e+01,2.030000000000000000e+02
4.793169498443603516e-01,1.900000000000000000e+01,7.000000000000000000e+00
4.777946174144744873e-01,1.900000000000000000e+01,2.150000000000000000e+02
4.775637984275817871e-01,1.900000000000000000e+01,2.160000000000000000e+02
4.767529666423797607e-01,1.900000000000000000e+01,2.090000000000000000e+02
4.763784706592559814e-01,1.900000000000000000e+01,1.510000000000000000e+02
4.749813079833984375e-01,1.900000000000000000e+01,2.050000000000000000e+02
4.733532667160034180e-01,1.900000000000000000e+01,2.220000000000000000e+02
4.722160995006561279e-01,1.900000000000000000e+01,1.860000000000000000e+02
4.720097184181213379e-01,1.900000000000000000e+01,1.350000000000000000e+02
4.716876745223999023e-01,1.900000000000000000e+01,2.200000000000000000e+02
4.709580242633819580e-01,1.900000000000000000e+01,2.470000000000000000e+02
4.702521860599517822e-01,1.900000000000000000e+01,1.890000000000000000e+02
4.669901132583618164e-01,1.900000000000000000e+01,1.930000000000000000e+02
4.668792188167572021e-01,1.900000000000000000e+01,1.440000000000000000e+02
4.662830233573913574e-01,1.900000000000000000e+01,1.010000000000000000e+02
4.652158021926879883e-01,1.900000000000000000e+01,1.340000000000000000e+02
4.649958014488220215e-01,1.900000000000000000e+01,5.800000000000000000e+01
4.648591876029968262e-01,1.900000000000000000e+01,2.000000000000000000e+02
4.624254703521728516e-01,1.900000000000000000e+01,8.900000000000000000e+01
4.595186710357666016e-01,1.900000000000000000e+01,1.870000000000000000e+02
4.592845439910888672e-01,1.900000000000000000e+01,1.700000000000000000e+02
4.589241147041320801e-01,1.900000000000000000e+01,1.600000000000000000e+02
4.579917490482330322e-01,1.900000000000000000e+01,2.560000000000000000e+02
4.578161835670471191e-01,1.900000000000000000e+01,1.470000000000000000e+02
4.574361741542816162e-01,1.900000000000000000e+01,2.210000000000000000e+02
4.572507739067077637e-01,1.900000000000000000e+01,2.140000000000000000e+02
4.572019875049591064e-01,1.900000000000000000e+01,1.710000000000000000e+02
4.570191502571105957e-01,1.900000000000000000e+01,2.020000000000000000e+02
4.566964209079742432e-01,1.900000000000000000e+01,2.060000000000000000e+02
4.566414952278137207e-01,1.900000000000000000e+01,1.960000000000000000e+02
4.561315178871154785e-01,1.900000000000000000e+01,1.980000000000000000e+02
4.556696712970733643e-01,1.900000000000000000e+01,2.320000000000000000e+02
4.555325210094451904e-01,1.900000000000000000e+01,1.880000000000000000e+02
4.548856317996978760e-01,1.900000000000000000e+01,1.680000000000000000e+02
4.546014070510864258e-01,1.900000000000000000e+01,7.000000000000000000e+01
4.543143212795257568e-01,1.900000000000000000e+01,1.760000000000000000e+02
4.538462460041046143e-01,1.900000000000000000e+01,1.030000000000000000e+02
4.530032575130462646e-01,1.900000000000000000e+01,1.200000000000000000e+02
4.522770345211029053e-01,1.900000000000000000e+01,1.850000000000000000e+02
4.522051513195037842e-01,1.900000000000000000e+01,1.320000000000000000e+02
4.511982202529907227e-01,1.900000000000000000e+01,2.340000000000000000e+02
4.506892561912536621e-01,1.900000000000000000e+01,1.140000000000000000e+02
4.506807923316955566e-01,1.900000000000000000e+01,1.240000000000000000e+02
4.504557847976684570e-01,1.900000000000000000e+01,1.180000000000000000e+02
4.493683874607086182e-01,1.900000000000000000e+01,6.700000000000000000e+01
4.491504430770874023e-01,1.900000000000000000e+01,2.080000000000000000e+02
4.486062526702880859e-01,1.900000000000000000e+01,2.330000000000000000e+02
4.457306861877441406e-01,1.900000000000000000e+01,1.480000000000000000e+02
4.455212354660034180e-01,1.900000000000000000e+01,1.780000000000000000e+02
4.450766742229461670e-01,1.900000000000000000e+01,1.300000000000000000e+02
4.448031783103942871e-01,1.900000000000000000e+01,8.500000000000000000e+01
4.447691440582275391e-01,1.900000000000000000e+01,1.570000000000000000e+02
4.445278942584991455e-01,1.900000000000000000e+01,7.100000000000000000e+01
4.441081583499908447e-01,1.900000000000000000e+01,8.300000000000000000e+01
4.437164068222045898e-01,1.900000000000000000e+01,1.670000000000000000e+02
4.435875415802001953e-01,1.900000000000000000e+01,1.940000000000000000e+02
4.426651298999786377e-01,1.900000000000000000e+01,8.800000000000000000e+01
4.426429271697998047e-01,1.900000000000000000e+01,2.390000000000000000e+02
4.420802891254425049e-01,1.900000000000000000e+01,2.460000000000000000e+02
4.417226314544677734e-01,1.900000000000000000e+01,1.460000000000000000e+02
4.414357841014862061e-01,1.900000000000000000e+01,1.920000000000000000e+02
4.413267970085144043e-01,1.900000000000000000e+01,1.520000000000000000e+02
4.411848783493041992e-01,1.900000000000000000e+01,2.070000000000000000e+02
4.410814046859741211e-01,1.900000000000000000e+01,1.900000000000000000e+02
4.402529001235961914e-01,1.900000000000000000e+01,1.840000000000000000e+02
4.388115704059600830e-01,1.900000000000000000e+01,1.720000000000000000e+02
4.387496411800384521e-01,1.900000000000000000e+01,1.250000000000000000e+02
4.385914206504821777e-01,1.900000000000000000e+01,2.310000000000000000e+02
4.383778870105743408e-01,1.900000000000000000e+01,2.370000000000000000e+02
4.373392164707183838e-01,1.900000000000000000e+01,6.000000000000000000e+00
4.372673630714416504e-01,1.900000000000000000e+01,2.420000000000000000e+02
5.719732046127319336e-01,1.800000000000000000e+01,1.000000000000000000e+00
5.479838848114013672e-01,1.800000000000000000e+01,0.000000000000000000e+00
5.281157493591308594e-01,1.800000000000000000e+01,2.030000000000000000e+02
5.258986353874206543e-01,1.800000000000000000e+01,1.890000000000000000e+02
5.166507363319396973e-01,1.800000000000000000e+01,9.100000000000000000e+01
5.125457644462585449e-01,1.800000000000000000e+01,1.870000000000000000e+02
5.103382468223571777e-01,1.800000000000000000e+01,1.880000000000000000e+02
5.071194171905517578e-01,1.800000000000000000e+01,1.390000000000000000e+02
5.062182545661926270e-01,1.800000000000000000e+01,1.720000000000000000e+02
5.038527846336364746e-01,1.800000000000000000e+01,1.840000000000000000e+02
5.037106275558471680e-01,1.800000000000000000e+01,1.850000000000000000e+02
5.031158328056335449e-01,1.800000000000000000e+01,1.700000000000000000e+02
5.026702880859375000e-01,1.800000000000000000e+01,2.020000000000000000e+02
5.015305876731872559e-01,1.800000000000000000e+01,1.710000000000000000e+02
5.006276369094848633e-01,1.800000000000000000e+01,1.340000000000000000e+02
4.983788728713989258e-01,1.800000000000000000e+01,8.200000000000000000e+01
4.971936643123626709e-01,1.800000000000000000e+01,2.570000000000000000e+02
4.969318509101867676e-01,1.800000000000000000e+01,2.010000000000000000e+02
4.963719844818115234e-01,1.800000000000000000e+01,1.540000000000000000e+02
4.936407804489135742e-01,1.800000000000000000e+01,1.600000000000000000e+02
4.917490780353546143e-01,1.800000000000000000e+01,1.380000000000000000e+02
4.873328208923339844e-01,1.800000000000000000e+01,1.920000000000000000e+02
4.870111644268035889e-01,1.800000000000000000e+01,1.330000000000000000e+02
4.856350719928741455e-01,1.800000000000000000e+01,9.200000000000000000e+01
4.849372804164886475e-01,1.800000000000000000e+01,6.600000000000000000e+01
4.834379851818084717e-01,1.800000000000000000e+01,5.000000000000000000e+01
4.831839203834533691e-01,1.800000000000000000e+01,1.460000000000000000e+02
4.828727841377258301e-01,1.800000000000000000e+01,1.860000000000000000e+02
4.806624352931976318e-01,1.800000000000000000e+01,2.080000000000000000e+02
4.805747270584106445e-01,1.800000000000000000e+01,1.680000000000000000e+02
4.801319539546966553e-01,1.800000000000000000e+01,1.530000000000000000e+02
4.800744354724884033e-01,1.800000000000000000e+01,1.560000000000000000e+02
4.798671603202819824e-01,1.800000000000000000e+01,2.040000000000000000e+02
4.783548116683959961e-01,1.800000000000000000e+01,1.000000000000000000e+01
4.772836267948150635e-01,1.800000000000000000e+01,1.520000000000000000e+02
4.770437479019165039e-01,1.800000000000000000e+01,2.060000000000000000e+02
4.764494895935058594e-01,1.800000000000000000e+01,9.300000000000000000e+01
4.762325882911682129e-01,1.800000000000000000e+01,1.730000000000000000e+02
4.759409427642822266e-01,1.800000000000000000e+01,1.670000000000000000e+02
4.749042987823486328e-01,1.800000000000000000e+01,1.210000000000000000e+02
4.732480049133300781e-01,1.800000000000000000e+01,1.570000000000000000e+02
4.730587899684906006e-01,1.800000000000000000e+01,8.000000000000000000e+00
4.718671739101409912e-01,1.800000000000000000e+01,2.050000000000000000e+02
4.718486666679382324e-01,1.800000000000000000e+01,1.410000000000000000e+02
4.716123044490814209e-01,1.800000000000000000e+01,2.440000000000000000e+02
4.704691171646118164e-01,1.800000000000000000e+01,1.350000000000000000e+02
4.683759212493896484e-01,1.800000000000000000e+01,8.600000000000000000e+01
4.682439267635345459e-01,1.800000000000000000e+01,1.660000000000000000e+02
4.678272604942321777e-01,1.800000000000000000e+01,9.000000000000000000e+00
4.666208326816558838e-01,1.800000000000000000e+01,1.440000000000000000e+02
4.663699269294738770e-01,1.800000000000000000e+01,2.000000000000000000e+02
4.659381806850433350e-01,1.800000000000000000e+01,1.990000000000000000e+02
4.656017422676086426e-01,1.800000000000000000e+01,1.490000000000000000e+02
4.655585289001464844e-01,1.800000000000000000e+01,1.550000000000000000e+02
4.651359021663665771e-01,1.800000000000000000e+01,2.180000000000000000e+02
4.650066494941711426e-01,1.800000000000000000e+01,1.650000000000000000e+02
4.624007940292358398e-01,1.800000000000000000e+01,1.400000000000000000e+02
4.621810615062713623e-01,1.800000000000000000e+01,1.480000000000000000e+02
4.621361792087554932e-01,1.800000000000000000e+01,1.640000000000000000e+02
4.619453549385070801e-01,1.800000000000000000e+01,1.760000000000000000e+02
4.613385796546936035e-01,1.800000000000000000e+01,6.900000000000000000e+01
4.610797762870788574e-01,1.800000000000000000e+01,8.700000000000000000e+01
4.604063630104064941e-01,1.800000000000000000e+01,2.450000000000000000e+02
4.603445231914520264e-01,1.800000000000000000e+01,1.580000000000000000e+02
4.599044322967529297e-01,1.800000000000000000e+01,1.590000000000000000e+02
4.592644274234771729e-01,1.800000000000000000e+01,7.900000000000000000e+01
4.589593410491943359e-01,1.800000000000000000e+01,1.910000000000000000e+02
4.586086571216583252e-01,1.800000000000000000e+01,1.320000000000000000e+02
4.581699669361114502e-01,1.800000000000000000e+01,1.010000000000000000e+02
4.578714370727539062e-01,1.800000000000000000e+01,2.200000000000000000e+02
4.558357000350952148e-01,1.800000000000000000e+01,1.750000000000000000e+02
4.557548165321350098e-01,1.800000000000000000e+01,1.360000000000000000e+02
4.556994736194610596e-01,1.800000000000000000e+01,1.780000000000000000e+02
4.554953277111053467e-01,1.800000000000000000e+01,1.300000000000000000e+02
4.548797905445098877e-01,1.800000000000000000e+01,1.690000000000000000e+02
4.546289741992950439e-01,1.800000000000000000e+01,1.050000000000000000e+02
4.543829262256622314e-01,1.800000000000000000e+01,1.100000000000000000e+01
4.542776942253112793e-01,1.800000000000000000e+01,1.240000000000000000e+02
4.537264406681060791e-01,1.800000000000000000e+01,1.500000000000000000e+02
4.535222053527832031e-01,1.800000000000000000e+01,1.830000000000000000e+02
4.530433416366577148e-01,1.800000000000000000e+01,1.200000000000000000e+01
4.529217183589935303e-01,1.800000000000000000e+01,8.500000000000000000e+01
4.525398910045623779e-01,1.800000000000000000e+01,1.510000000000000000e+02
4.521545767784118652e-01,1.800000000000000000e+01,1.140000000000000000e+02
4.510088562965393066e-01,1.800000000000000000e+01,1.620000000000000000e+02
4.507178068161010742e-01,1.800000000000000000e+01,7.100000000000000000e+01
4.507154822349548340e-01,1.800000000000000000e+01,1.370000000000000000e+02
4.506831467151641846e-01,1.800000000000000000e+01,1.420000000000000000e+02
4.500778019428253174e-01,1.800000000000000000e+01,5.300000000000000000e+01
4.500611424446105957e-01,1.800000000000000000e+01,9.800000000000000000e+01
4.495843350887298584e-01,1.800000000000000000e+01,2.400000000000000000e+01
4.494154751300811768e-01,1.800000000000000000e+01,7.600000000000000000e+01
4.488662183284759521e-01,1.800000000000000000e+01,8.800000000000000000e+01
4.487416148185729980e-01,1.800000000000000000e+01,1.740000000000000000e+02
4.486676156520843506e-01,1.800000000000000000e+01,5.500000000000000000e+01
4.481115043163299561e-01,1.800000000000000000e+01,1.800000000000000000e+02
4.460588693618774414e-01,1.800000000000000000e+01,2.470000000000000000e+02
4.451720714569091797e-01,1.800000000000000000e+01,2.210000000000000000e+02
4.451408982276916504e-01,1.800000000000000000e+01,1.020000000000000000e+02
4.450910985469818115e-01,1.800000000000000000e+01,1.040000000000000000e+02
4.448038339614868164e-01,1.800000000000000000e+01,2.320000000000000000e+02
4.445725083351135254e-01,1.800000000000000000e+01,7.500000000000000000e+01
4.441756010055541992e-01,1.800000000000000000e+01,3.100000000000000000e+01
4.439591169357299805e-01,1.800000000000000000e+01,2.170000000000000000e+02
4.437651038169860840e-01,1.800000000000000000e+01,2.130000000000000000e+02
4.435271322727203369e-01,1.800000000000000000e+01,2.410000000000000000e+02
4.423401951789855957e-01,1.800000000000000000e+01,1.900000000000000000e+02
4.421542286872863770e-01,1.800000000000000000e+01,2.070000000000000000e+02
4.420419037342071533e-01,1.800000000000000000e+01,1.450000000000000000e+02
4.405936598777770996e-01,1.800000000000000000e+01,2.600000000000000000e+01
4.404653310775756836e-01,1.800000000000000000e+01,6.000000000000000000e+00
4.397779703140258789e-01,1.800000000000000000e+01,1.300000000000000000e+01
4.397163391113281250e-01,1.800000000000000000e+01,1.980000000000000000e+02
4.396042823791503906e-01,1.800000000000000000e+01,1.430000000000000000e+02
4.389602839946746826e-01,1.800000000000000000e+01,1.070000000000000000e+02
4.388559460639953613e-01,1.800000000000000000e+01,1.810000000000000000e+02
4.380915462970733643e-01,1.800000000000000000e+01,1.080000000000000000e+02
4.375862181186676025e-01,1.800000000000000000e+01,1.950000000000000000e+02
5.889734029769897461e-01,1.700000000000000000e+01,1.000000000000000000e+00
5.709601044654846191e-01,1.700000000000000000e+01,2.570000000000000000e+02
5.609974265098571777e-01,1.700000000000000000e+01,0.000000000000000000e+00
5.240619778633117676e-01,1.700000000000000000e+01,6.600000000000000000e+01
5.222684741020202637e-01,1.700000000000000000e+01,8.200000000000000000e+01
5.146783590316772461e-01,1.700000000000000000e+01,2.130000000000000000e+02
5.144658684730529785e-01,1.700000000000000000e+01,9.800000000000000000e+01
5.142952799797058105e-01,1.700000000000000000e+01,2.040000000000000000e+02
5.130386352539062500e-01,1.700000000000000000e+01,2.190000000000000000e+02
5.117921233177185059e-01,1.700000000000000000e+01,5.000000000000000000e+01
5.060399174690246582e-01,1.700000000000000000e+01,1.000000000000000000e+02
5.008951425552368164e-01,1.700000000000000000e+01,2.180000000000000000e+02
5.004730820655822754e-01,1.700000000000000000e+01,2.120000000000000000e+02
5.001906156539916992e-01,1.700000000000000000e+01,2.010000000000000000e+02
5.001877546310424805e-01,1.700000000000000000e+01,1.350000000000000000e+02
4.952733516693115234e-01,1.700000000000000000e+01,1.140000000000000000e+02
4.929449558258056641e-01,1.700000000000000000e+01,1.170000000000000000e+02
4.912703633308410645e-01,1.700000000000000000e+01,1.960000000000000000e+02
4.903678894042968750e-01,1.700000000000000000e+01,1.050000000000000000e+02
4.901384115219116211e-01,1.700000000000000000e+01,2.030000000000000000e+02
4.894381165504455566e-01,1.700000000000000000e+01,1.300000000000000000e+02
4.878140389919281006e-01,1.700000000000000000e+01,1.240000000000000000e+02
4.842047393321990967e-01,1.700000000000000000e+01,1.330000000000000000e+02
4.840984642505645752e-01,1.700000000000000000e+01,1.010000000000000000e+02
4.816593527793884277e-01,1.700000000000000000e+01,2.050000000000000000e+02
4.813776910305023193e-01,1.700000000000000000e+01,1.340000000000000000e+02
4.787790477275848389e-01,1.700000000000000000e+01,1.830000000000000000e+02
4.776548147201538086e-01,1.700000000000000000e+01,2.280000000000000000e+02
4.758826196193695068e-01,1.700000000000000000e+01,2.140000000000000000e+02
4.758503735065460205e-01,1.700000000000000000e+01,1.620000000000000000e+02
4.755341112613677979e-01,1.700000000000000000e+01,1.990000000000000000e+02
4.714423716068267822e-01,1.700000000000000000e+01,2.020000000000000000e+02
4.704875051975250244e-01,1.700000000000000000e+01,1.870000000000000000e+02
4.698483645915985107e-01,1.700000000000000000e+01,1.040000000000000000e+02
4.685666263103485107e-01,1.700000000000000000e+01,2.160000000000000000e+02
4.681299924850463867e-01,1.700000000000000000e+01,1.460000000000000000e+02
4.671595096588134766e-01,1.700000000000000000e+01,1.500000000000000000e+02
4.653519988059997559e-01,1.700000000000000000e+01,1.200000000000000000e+02
4.652189314365386963e-01,1.700000000000000000e+01,1.840000000000000000e+02
4.639773964881896973e-01,1.700000000000000000e+01,1.940000000000000000e+02
4.627291262149810791e-01,1.700000000000000000e+01,2.000000000000000000e+02
4.611555635929107666e-01,1.700000000000000000e+01,1.700000000000000000e+01
4.603260755538940430e-01,1.700000000000000000e+01,2.390000000000000000e+02
4.593486189842224121e-01,1.700000000000000000e+01,2.200000000000000000e+02
4.587258994579315186e-01,1.700000000000000000e+01,1.860000000000000000e+02
4.581534564495086670e-01,1.700000000000000000e+01,1.820000000000000000e+02
4.566709101200103760e-01,1.700000000000000000e+01,8.800000000000000000e+01
4.565271437168121338e-01,1.700000000000000000e+01,1.030000000000000000e+02
4.563426971435546875e-01,1.700000000000000000e+01,1.890000000000000000e+02
4.560254216194152832e-01,1.700000000000000000e+01,1.020000000000000000e+02
4.559797644615173340e-01,1.700000000000000000e+01,1.360000000000000000e+02
4.545936584472656250e-01,1.700000000000000000e+01,1.160000000000000000e+02
4.543730318546295166e-01,1.700000000000000000e+01,1.780000000000000000e+02
4.543330073356628418e-01,1.700000000000000000e+01,2.150000000000000000e+02
4.541965126991271973e-01,1.700000000000000000e+01,1.880000000000000000e+02
4.529652893543243408e-01,1.700000000000000000e+01,8.500000000000000000e+01
4.528715014457702637e-01,1.700000000000000000e+01,8.700000000000000000e+01
4.512453675270080566e-01,1.700000000000000000e+01,2.060000000000000000e+02
4.511890709400177002e-01,1.700000000000000000e+01,1.690000000000000000e+02
4.494963884353637695e-01,1.700000000000000000e+01,2.070000000000000000e+02
4.493766427040100098e-01,1.700000000000000000e+01,1.380000000000000000e+02
4.492142200469970703e-01,1.700000000000000000e+01,1.180000000000000000e+02
4.488436579704284668e-01,1.700000000000000000e+01,2.350000000000000000e+02
4.473432898521423340e-01,1.700000000000000000e+01,7.200000000000000000e+01
4.473315477371215820e-01,1.700000000000000000e+01,1.250000000000000000e+02
4.472861289978027344e-01,1.700000000000000000e+01,1.370000000000000000e+02
4.462945461273193359e-01,1.700000000000000000e+01,2.320000000000000000e+02
4.462448954582214355e-01,1.700000000000000000e+01,1.680000000000000000e+02
4.460474252700805664e-01,1.700000000000000000e+01,1.670000000000000000e+02
4.459412693977355957e-01,1.700000000000000000e+01,2.340000000000000000e+02
4.450232982635498047e-01,1.700000000000000000e+01,8.900000000000000000e+01
4.450142979621887207e-01,1.700000000000000000e+01,1.900000000000000000e+02
4.448878169059753418e-01,1.700000000000000000e+01,2.210000000000000000e+02
4.445300996303558350e-01,1.700000000000000000e+01,1.530000000000000000e+02
4.444962739944458008e-01,1.700000000000000000e+01,1.570000000000000000e+02
4.438757300376892090e-01,1.700000000000000000e+01,1.970000000000000000e+02
4.426381886005401611e-01,1.700000000000000000e+01,1.060000000000000000e+02
4.423594474792480469e-01,1.700000000000000000e+01,1.730000000000000000e+02
4.420410096645355225e-01,1.700000000000000000e+01,1.510000000000000000e+02
4.411627948284149170e-01,1.700000000000000000e+01,1.980000000000000000e+02
4.396694302558898926e-01,1.700000000000000000e+01,1.490000000000000000e+02
4.392867386341094971e-01,1.700000000000000000e+01,1.520000000000000000e+02
4.375777244567871094e-01,1.700000000000000000e+01,1.210000000000000000e+02
5.614489316940307617e-01,1.600000000000000000e+01,2.570000000000000000e+02
5.465408563613891602e-01,1.600000000000000000e+01,1.000000000000000000e+00
5.450970530509948730e-01,1.600000000000000000e+01,2.030000000000000000e+02
5.326790809631347656e-01,1.600000000000000000e+01,2.040000000000000000e+02
5.158086419105529785e-01,1.600000000000000000e+01,2.050000000000000000e+02
5.064718723297119141e-01,1.600000000000000000e+01,1.880000000000000000e+02
5.057668685913085938e-01,1.600000000000000000e+01,0.000000000000000000e+00
5.029987692832946777e-01,1.600000000000000000e+01,1.000000000000000000e+02
4.938133358955383301e-01,1.600000000000000000e+01,2.020000000000000000e+02
4.931533038616180420e-01,1.600000000000000000e+01,1.730000000000000000e+02
4.925590753555297852e-01,1.600000000000000000e+01,1.270000000000000000e+02
4.923117756843566895e-01,1.600000000000000000e+01,1.550000000000000000e+02
4.905583262443542480e-01,1.600000000000000000e+01,1.240000000000000000e+02
4.886125028133392334e-01,1.600000000000000000e+01,9.500000000000000000e+01
4.881319403648376465e-01,1.600000000000000000e+01,2.290000000000000000e+02
4.869616031646728516e-01,1.600000000000000000e+01,2.180000000000000000e+02
4.864746332168579102e-01,1.600000000000000000e+01,1.860000000000000000e+02
4.860969483852386475e-01,1.600000000000000000e+01,2.460000000000000000e+02
4.845332801342010498e-01,1.600000000000000000e+01,7.900000000000000000e+01
4.839339852333068848e-01,1.600000000000000000e+01,2.160000000000000000e+02
4.813977777957916260e-01,1.600000000000000000e+01,2.070000000000000000e+02
4.809790253639221191e-01,1.600000000000000000e+01,1.720000000000000000e+02
4.806273579597473145e-01,1.600000000000000000e+01,1.850000000000000000e+02
4.784713089466094971e-01,1.600000000000000000e+01,1.870000000000000000e+02
4.773681759834289551e-01,1.600000000000000000e+01,1.440000000000000000e+02
4.772702157497406006e-01,1.600000000000000000e+01,1.010000000000000000e+02
4.771366715431213379e-01,1.600000000000000000e+01,1.830000000000000000e+02
4.770498871803283691e-01,1.600000000000000000e+01,1.910000000000000000e+02
4.765481948852539062e-01,1.600000000000000000e+01,2.120000000000000000e+02
4.764049947261810303e-01,1.600000000000000000e+01,1.140000000000000000e+02
4.763995707035064697e-01,1.600000000000000000e+01,2.540000000000000000e+02
4.758500158786773682e-01,1.600000000000000000e+01,9.800000000000000000e+01
4.755653142929077148e-01,1.600000000000000000e+01,1.700000000000000000e+02
4.742723703384399414e-01,1.600000000000000000e+01,8.200000000000000000e+01
4.742041230201721191e-01,1.600000000000000000e+01,2.000000000000000000e+02
4.732671678066253662e-01,1.600000000000000000e+01,1.200000000000000000e+02
4.731648862361907959e-01,1.600000000000000000e+01,7.700000000000000000e+01
4.731464087963104248e-01,1.600000000000000000e+01,2.320000000000000000e+02
4.725057780742645264e-01,1.600000000000000000e+01,2.370000000000000000e+02
4.702467322349548340e-01,1.600000000000000000e+01,1.250000000000000000e+02
4.700883924961090088e-01,1.600000000000000000e+01,1.750000000000000000e+02
4.683058857917785645e-01,1.600000000000000000e+01,1.430000000000000000e+02
4.682001769542694092e-01,1.600000000000000000e+01,2.280000000000000000e+02
4.679810106754302979e-01,1.600000000000000000e+01,2.470000000000000000e+02
4.678981304168701172e-01,1.600000000000000000e+01,1.280000000000000000e+02
4.675236344337463379e-01,1.600000000000000000e+01,1.320000000000000000e+02
4.666970968246459961e-01,1.600000000000000000e+01,1.230000000000000000e+02
4.648429155349731445e-01,1.600000000000000000e+01,1.710000000000000000e+02
4.647951722145080566e-01,1.600000000000000000e+01,1.060000000000000000e+02
4.641982018947601318e-01,1.600000000000000000e+01,1.900000000000000000e+02
4.638111889362335205e-01,1.600000000000000000e+01,2.250000000000000000e+02
4.628807306289672852e-01,1.600000000000000000e+01,2.300000000000000000e+02
4.622397422790527344e-01,1.600000000000000000e+01,1.960000000000000000e+02
4.620011448860168457e-01,1.600000000000000000e+01,2.480000000000000000e+02
4.617299437522888184e-01,1.600000000000000000e+01,2.560000000000000000e+02
4.610565602779388428e-01,1.600000000000000000e+01,1.770000000000000000e+02
4.607594311237335205e-01,1.600000000000000000e+01,5.400000000000000000e+01
4.603111743927001953e-01,1.600000000000000000e+01,1.120000000000000000e+02
4.596941173076629639e-01,1.600000000000000000e+01,2.380000000000000000e+02
4.596726298332214355e-01,1.600000000000000000e+01,1.040000000000000000e+02
4.594995379447937012e-01,1.600000000000000000e+01,2.210000000000000000e+02
4.590179920196533203e-01,1.600000000000000000e+01,9.300000000000000000e+01
4.586816728115081787e-01,1.600000000000000000e+01,2.200000000000000000e+02
4.585977196693420410e-01,1.600000000000000000e+01,1.540000000000000000e+02
4.579374194145202637e-01,1.600000000000000000e+01,1.400000000000000000e+02
4.572308361530303955e-01,1.600000000000000000e+01,1.350000000000000000e+02
4.555930495262145996e-01,1.600000000000000000e+01,1.190000000000000000e+02
4.554645121097564697e-01,1.600000000000000000e+01,1.670000000000000000e+02
4.547482132911682129e-01,1.600000000000000000e+01,2.520000000000000000e+02
4.543540179729461670e-01,1.600000000000000000e+01,2.400000000000000000e+02
4.534503817558288574e-01,1.600000000000000000e+01,1.640000000000000000e+02
4.522125422954559326e-01,1.600000000000000000e+01,2.390000000000000000e+02
4.512472152709960938e-01,1.600000000000000000e+01,9.600000000000000000e+01
4.511033296585083008e-01,1.600000000000000000e+01,1.390000000000000000e+02
4.504609107971191406e-01,1.600000000000000000e+01,1.110000000000000000e+02
4.498010277748107910e-01,1.600000000000000000e+01,1.170000000000000000e+02
4.497535824775695801e-01,1.600000000000000000e+01,2.060000000000000000e+02
4.490762948989868164e-01,1.600000000000000000e+01,2.350000000000000000e+02
4.488580822944641113e-01,1.600000000000000000e+01,1.070000000000000000e+02
4.476457238197326660e-01,1.600000000000000000e+01,1.840000000000000000e+02
4.476404488086700439e-01,1.600000000000000000e+01,5.000000000000000000e+01
4.475443959236145020e-01,1.600000000000000000e+01,2.420000000000000000e+02
4.471011161804199219e-01,1.600000000000000000e+01,4.700000000000000000e+01
4.470349848270416260e-01,1.600000000000000000e+01,1.410000000000000000e+02
4.467804133892059326e-01,1.600000000000000000e+01,1.660000000000000000e+02
4.465856552124023438e-01,1.600000000000000000e+01,2.170000000000000000e+02
4.465351104736328125e-01,1.600000000000000000e+01,2.010000000000000000e+02
4.463942646980285645e-01,1.600000000000000000e+01,2.230000000000000000e+02
4.460754692554473877e-01,1.600000000000000000e+01,1.590000000000000000e+02
4.460621476173400879e-01,1.600000000000000000e+01,1.600000000000000000e+02
4.458334445953369141e-01,1.600000000000000000e+01,2.490000000000000000e+02
4.456887543201446533e-01,1.600000000000000000e+01,8.400000000000000000e+01
4.451749622821807861e-01,1.600000000000000000e+01,2.220000000000000000e+02
4.446912407875061035e-01,1.600000000000000000e+01,8.700000000000000000e+01
4.446666836738586426e-01,1.600000000000000000e+01,1.980000000000000000e+02
4.446067810058593750e-01,1.600000000000000000e+01,1.080000000000000000e+02
4.445873796939849854e-01,1.600000000000000000e+01,1.690000000000000000e+02
4.438123404979705811e-01,1.600000000000000000e+01,1.610000000000000000e+02
4.428791701793670654e-01,1.600000000000000000e+01,1.820000000000000000e+02
4.428607523441314697e-01,1.600000000000000000e+01,1.210000000000000000e+02
4.421279430389404297e-01,1.600000000000000000e+01,1.160000000000000000e+02
4.414553046226501465e-01,1.600000000000000000e+01,1.360000000000000000e+02
4.414172172546386719e-01,1.600000000000000000e+01,2.340000000000000000e+02
4.409017860889434814e-01,1.600000000000000000e+01,2.800000000000000000e+01
4.408028423786163330e-01,1.600000000000000000e+01,1.370000000000000000e+02
4.407678544521331787e-01,1.600000000000000000e+01,1.220000000000000000e+02
4.407281279563903809e-01,1.600000000000000000e+01,9.200000000000000000e+01
4.406157732009887695e-01,1.600000000000000000e+01,1.990000000000000000e+02
4.404225945472717285e-01,1.600000000000000000e+01,1.760000000000000000e+02
4.391836822032928467e-01,1.600000000000000000e+01,6.300000000000000000e+01
4.385033547878265381e-01,1.600000000000000000e+01,2.310000000000000000e+02
4.383824169635772705e-01,1.600000000000000000e+01,4.300000000000000000e+01
6.303097009658813477e-01,1.500000000000000000e+01,1.000000000000000000e+00
5.726843476295471191e-01,1.500000000000000000e+01,0.000000000000000000e+00
5.310570001602172852e-01,1.500000000000000000e+01,9.000000000000000000e+01
5.306562185287475586e-01,1.500000000000000000e+01,5.200000000000000000e+01
5.211029052734375000e-01,1.500000000000000000e+01,5.000000000000000000e+01
5.175188183784484863e-01,1.500000000000000000e+01,3.400000000000000000e+01
5.076001882553100586e-01,1.500000000000000000e+01,5.800000000000000000e+01
5.047392249107360840e-01,1.500000000000000000e+01,6.300000000000000000e+01
5.033792257308959961e-01,1.500000000000000000e+01,2.370000000000000000e+02
5.001445412635803223e-01,1.500000000000000000e+01,5.300000000000000000e+01
4.984271824359893799e-01,1.500000000000000000e+01,5.400000000000000000e+01
4.942648410797119141e-01,1.500000000000000000e+01,6.100000000000000000e+01
4.876914322376251221e-01,1.500000000000000000e+01,5.900000000000000000e+01
4.868871271610260010e-01,1.500000000000000000e+01,1.060000000000000000e+02
4.860411584377288818e-01,1.500000000000000000e+01,3.800000000000000000e+01
4.854795932769775391e-01,1.500000000000000000e+01,2.320000000000000000e+02
4.831528961658477783e-01,1.500000000000000000e+01,2.380000000000000000e+02
4.823940098285675049e-01,1.500000000000000000e+01,3.700000000000000000e+01
4.822640120983123779e-01,1.500000000000000000e+01,8.200000000000000000e+01
4.807849824428558350e-01,1.500000000000000000e+01,1.600000000000000000e+02
4.783329367637634277e-01,1.500000000000000000e+01,2.240000000000000000e+02
4.774652421474456787e-01,1.500000000000000000e+01,6.600000000000000000e+01
4.769533872604370117e-01,1.500000000000000000e+01,9.500000000000000000e+01
4.750240445137023926e-01,1.500000000000000000e+01,7.400000000000000000e+01
4.736759960651397705e-01,1.500000000000000000e+01,1.440000000000000000e+02
4.727886319160461426e-01,1.500000000000000000e+01,1.220000000000000000e+02
4.716817438602447510e-01,1.500000000000000000e+01,1.590000000000000000e+02
4.713802039623260498e-01,1.500000000000000000e+01,1.410000000000000000e+02
4.704520404338836670e-01,1.500000000000000000e+01,6.900000000000000000e+01
4.690183103084564209e-01,1.500000000000000000e+01,1.070000000000000000e+02
4.684047698974609375e-01,1.500000000000000000e+01,6.400000000000000000e+01
4.681051671504974365e-01,1.500000000000000000e+01,6.000000000000000000e+01
4.677444994449615479e-01,1.500000000000000000e+01,4.700000000000000000e+01
4.675433039665222168e-01,1.500000000000000000e+01,7.500000000000000000e+01
4.651669859886169434e-01,1.500000000000000000e+01,2.290000000000000000e+02
4.651414155960083008e-01,1.500000000000000000e+01,2.390000000000000000e+02
4.649977087974548340e-01,1.500000000000000000e+01,3.600000000000000000e+01
4.643395245075225830e-01,1.500000000000000000e+01,1.920000000000000000e+02
4.637123942375183105e-01,1.500000000000000000e+01,2.570000000000000000e+02
4.631857573986053467e-01,1.500000000000000000e+01,2.000000000000000000e+01
4.623246192932128906e-01,1.500000000000000000e+01,7.900000000000000000e+01
4.613434970378875732e-01,1.500000000000000000e+01,9.600000000000000000e+01
4.607430398464202881e-01,1.500000000000000000e+01,1.280000000000000000e+02
4.606193304061889648e-01,1.500000000000000000e+01,4.400000000000000000e+01
4.597918093204498291e-01,1.500000000000000000e+01,3.900000000000000000e+01
4.596205949783325195e-01,1.500000000000000000e+01,3.200000000000000000e+01
4.593194127082824707e-01,1.500000000000000000e+01,6.800000000000000000e+01
4.583982229232788086e-01,1.500000000000000000e+01,2.080000000000000000e+02
4.580079913139343262e-01,1.500000000000000000e+01,4.500000000000000000e+01
4.573185443878173828e-01,1.500000000000000000e+01,2.190000000000000000e+02
4.560735821723937988e-01,1.500000000000000000e+01,2.100000000000000000e+01
4.548546075820922852e-01,1.500000000000000000e+01,2.340000000000000000e+02
4.531757235527038574e-01,1.500000000000000000e+01,1.910000000000000000e+02
4.531014263629913330e-01,1.500000000000000000e+01,5.500000000000000000e+01
4.519785940647125244e-01,1.500000000000000000e+01,1.760000000000000000e+02
4.510861039161682129e-01,1.500000000000000000e+01,1.860000000000000000e+02
4.508433640003204346e-01,1.500000000000000000e+01,7.700000000000000000e+01
4.508230388164520264e-01,1.500000000000000000e+01,8.000000000000000000e+01
4.506246745586395264e-01,1.500000000000000000e+01,9.100000000000000000e+01
4.505706727504730225e-01,1.500000000000000000e+01,6.200000000000000000e+01
4.500039517879486084e-01,1.500000000000000000e+01,9.300000000000000000e+01
4.495804607868194580e-01,1.500000000000000000e+01,2.050000000000000000e+02
4.493979513645172119e-01,1.500000000000000000e+01,1.010000000000000000e+02
4.482257068157196045e-01,1.500000000000000000e+01,2.060000000000000000e+02
4.477406442165374756e-01,1.500000000000000000e+01,2.700000000000000000e+01
4.473817646503448486e-01,1.500000000000000000e+01,1.240000000000000000e+02
4.472482800483703613e-01,1.500000000000000000e+01,2.260000000000000000e+02
4.470137953758239746e-01,1.500000000000000000e+01,2.020000000000000000e+02
4.463614225387573242e-01,1.500000000000000000e+01,1.560000000000000000e+02
4.450688064098358154e-01,1.500000000000000000e+01,1.120000000000000000e+02
4.443138837814331055e-01,1.500000000000000000e+01,1.230000000000000000e+02
4.440153837203979492e-01,1.500000000000000000e+01,2.310000000000000000e+02
4.435204863548278809e-01,1.500000000000000000e+01,2.360000000000000000e+02
4.429139792919158936e-01,1.500000000000000000e+01,7.100000000000000000e+01
4.428474605083465576e-01,1.500000000000000000e+01,2.100000000000000000e+02
4.427747726440429688e-01,1.500000000000000000e+01,1.320000000000000000e+02
4.415641725063323975e-01,1.500000000000000000e+01,2.800000000000000000e+01
4.410914778709411621e-01,1.500000000000000000e+01,1.270000000000000000e+02
4.408680796623229980e-01,1.500000000000000000e+01,1.000000000000000000e+02
4.403076469898223877e-01,1.500000000000000000e+01,2.200000000000000000e+01
4.398769438266754150e-01,1.500000000000000000e+01,5.600000000000000000e+01
4.395202100276947021e-01,1.500000000000000000e+01,2.040000000000000000e+02
4.385955631732940674e-01,1.500000000000000000e+01,2.070000000000000000e+02
4.385315477848052979e-01,1.500000000000000000e+01,5.100000000000000000e+01
4.381848871707916260e-01,1.500000000000000000e+01,8.400000000000000000e+01
4.380292892456054688e-01,1.500000000000000000e+01,1.300000000000000000e+02
4.378681778907775879e-01,1.500000000000000000e+01,4.200000000000000000e+01
4.377569854259490967e-01,1.500000000000000000e+01,1.430000000000000000e+02
4.377280175685882568e-01,1.500000000000000000e+01,2.600000000000000000e+01
4.376514554023742676e-01,1.500000000000000000e+01,8.900000000000000000e+01
4.374622106552124023e-01,1.500000000000000000e+01,2.200000000000000000e+02
7.029871940612792969e-01,1.400000000000000000e+01,1.000000000000000000e+00
6.765726208686828613e-01,1.400000000000000000e+01,0.000000000000000000e+00
5.305851101875305176e-01,1.400000000000000000e+01,2.570000000000000000e+02
4.998093545436859131e-01,1.400000000000000000e+01,2.390000000000000000e+02
4.850805699825286865e-01,1.400000000000000000e+01,2.290000000000000000e+02
4.811096787452697754e-01,1.400000000000000000e+01,3.000000000000000000e+00
4.753518402576446533e-01,1.400000000000000000e+01,2.310000000000000000e+02
4.727940261363983154e-01,1.400000000000000000e+01,3.200000000000000000e+01
4.641804397106170654e-01,1.400000000000000000e+01,2.110000000000000000e+02
4.601463973522186279e-01,1.400000000000000000e+01,2.470000000000000000e+02
4.591487348079681396e-01,1.400000000000000000e+01,2.240000000000000000e+02
4.591402411460876465e-01,1.400000000000000000e+01,6.400000000000000000e+01
4.576913118362426758e-01,1.400000000000000000e+01,2.490000000000000000e+02
4.563601315021514893e-01,1.400000000000000000e+01,9.600000000000000000e+01
4.539633095264434814e-01,1.400000000000000000e+01,1.550000000000000000e+02
4.529680311679840088e-01,1.400000000000000000e+01,8.000000000000000000e+01
4.509903490543365479e-01,1.400000000000000000e+01,1.860000000000000000e+02
4.505431652069091797e-01,1.400000000000000000e+01,2.430000000000000000e+02
4.495351016521453857e-01,1.400000000000000000e+01,2.380000000000000000e+02
4.494969844818115234e-01,1.400000000000000000e+01,2.250000000000000000e+02
4.494188129901885986e-01,1.400000000000000000e+01,2.060000000000000000e+02
4.484824538230895996e-01,1.400000000000000000e+01,1.660000000000000000e+02
4.478950500488281250e-01,1.400000000000000000e+01,8.200000000000000000e+01
4.458401799201965332e-01,1.400000000000000000e+01,2.070000000000000000e+02
4.453516900539398193e-01,1.400000000000000000e+01,2.300000000000000000e+02
4.453046619892120361e-01,1.400000000000000000e+01,1.060000000000000000e+02
4.443703591823577881e-01,1.400000000000000000e+01,2.400000000000000000e+02
4.413647651672363281e-01,1.400000000000000000e+01,2.450000000000000000e+02
4.408088326454162598e-01,1.400000000000000000e+01,1.350000000000000000e+02
4.393147528171539307e-01,1.400000000000000000e+01,2.360000000000000000e+02
4.390594959259033203e-01,1.400000000000000000e+01,6.600000000000000000e+01
6.519724130630493164e-01,1.300000000000000000e+01,0.000000000000000000e+00
6.466674208641052246e-01,1.300000000000000000e+01,1.000000000000000000e+00
6.120261549949645996e-01,1.300000000000000000e+01,2.020000000000000000e+02
5.959265828132629395e-01,1.300000000000000000e+01,1.860000000000000000e+02
5.939002037048339844e-01,1.300000000000000000e+01,2.340000000000000000e+02
5.822306871414184570e-01,1.300000000000000000e+01,2.030000000000000000e+02
5.791122913360595703e-01,1.300000000000000000e+01,2.290000000000000000e+02
5.736349821090698242e-01,1.300000000000000000e+01,2.010000000000000000e+02
5.630866289138793945e-01,1.300000000000000000e+01,1.980000000000000000e+02
5.618229508399963379e-01,1.300000000000000000e+01,2.310000000000000000e+02
5.603758096694946289e-01,1.300000000000000000e+01,2.190000000000000000e+02
5.572832226753234863e-01,1.300000000000000000e+01,2.180000000000000000e+02
5.545876622200012207e-01,1.300000000000000000e+01,2.040000000000000000e+02
5.540421009063720703e-01,1.300000000000000000e+01,1.840000000000000000e+02
5.540033578872680664e-01,1.300000000000000000e+01,2.000000000000000000e+02
5.523813366889953613e-01,1.300000000000000000e+01,1.870000000000000000e+02
5.513337850570678711e-01,1.300000000000000000e+01,1.990000000000000000e+02
5.509915351867675781e-01,1.300000000000000000e+01,1.970000000000000000e+02
5.476334095001220703e-01,1.300000000000000000e+01,2.350000000000000000e+02
5.469673275947570801e-01,1.300000000000000000e+01,1.830000000000000000e+02
5.469359159469604492e-01,1.300000000000000000e+01,2.300000000000000000e+02
5.466773509979248047e-01,1.300000000000000000e+01,2.240000000000000000e+02
5.439255237579345703e-01,1.300000000000000000e+01,2.320000000000000000e+02
5.368897914886474609e-01,1.300000000000000000e+01,2.330000000000000000e+02
5.337921380996704102e-01,1.300000000000000000e+01,2.060000000000000000e+02
5.329574346542358398e-01,1.300000000000000000e+01,2.200000000000000000e+02
5.307695269584655762e-01,1.300000000000000000e+01,2.160000000000000000e+02
5.304811596870422363e-01,1.300000000000000000e+01,2.140000000000000000e+02
5.274786353111267090e-01,1.300000000000000000e+01,2.270000000000000000e+02
5.271932482719421387e-01,1.300000000000000000e+01,2.570000000000000000e+02
5.188319683074951172e-01,1.300000000000000000e+01,1.680000000000000000e+02
5.187895894050598145e-01,1.300000000000000000e+01,2.130000000000000000e+02
5.173751711845397949e-01,1.300000000000000000e+01,1.850000000000000000e+02
5.169768333435058594e-01,1.300000000000000000e+01,1.880000000000000000e+02
5.147892236709594727e-01,1.300000000000000000e+01,2.080000000000000000e+02
5.114462375640869141e-01,1.300000000000000000e+01,2.490000000000000000e+02
5.080668926239013672e-01,1.300000000000000000e+01,2.070000000000000000e+02
5.079769492149353027e-01,1.300000000000000000e+01,2.120000000000000000e+02
5.054600834846496582e-01,1.300000000000000000e+01,2.400000000000000000e+02
5.032905936241149902e-01,1.300000000000000000e+01,2.050000000000000000e+02
5.027512311935424805e-01,1.300000000000000000e+01,1.960000000000000000e+02
5.002083182334899902e-01,1.300000000000000000e+01,1.700000000000000000e+02
5.001633167266845703e-01,1.300000000000000000e+01,2.280000000000000000e+02
4.985739588737487793e-01,1.300000000000000000e+01,2.210000000000000000e+02
4.971694946289062500e-01,1.300000000000000000e+01,1.890000000000000000e+02
4.947576224803924561e-01,1.300000000000000000e+01,2.230000000000000000e+02
4.917601644992828369e-01,1.300000000000000000e+01,1.910000000000000000e+02
4.910874664783477783e-01,1.300000000000000000e+01,1.900000000000000000e+02
4.887378215789794922e-01,1.300000000000000000e+01,1.730000000000000000e+02
4.867919087409973145e-01,1.300000000000000000e+01,2.380000000000000000e+02
4.867089688777923584e-01,1.300000000000000000e+01,1.920000000000000000e+02
4.863851666450500488e-01,1.300000000000000000e+01,1.690000000000000000e+02
4.831721484661102295e-01,1.300000000000000000e+01,2.360000000000000000e+02
4.824826121330261230e-01,1.300000000000000000e+01,1.720000000000000000e+02
4.818993210792541504e-01,1.300000000000000000e+01,1.950000000000000000e+02
4.792550504207611084e-01,1.300000000000000000e+01,2.110000000000000000e+02
4.767666459083557129e-01,1.300000000000000000e+01,1.810000000000000000e+02
4.762923717498779297e-01,1.300000000000000000e+01,1.510000000000000000e+02
4.735153913497924805e-01,1.300000000000000000e+01,2.170000000000000000e+02
4.722701907157897949e-01,1.300000000000000000e+01,1.710000000000000000e+02
4.718565940856933594e-01,1.300000000000000000e+01,2.150000000000000000e+02
4.714098870754241943e-01,1.300000000000000000e+01,1.670000000000000000e+02
4.705075919628143311e-01,1.300000000000000000e+01,1.790000000000000000e+02
4.703237712383270264e-01,1.300000000000000000e+01,2.370000000000000000e+02
4.671452641487121582e-01,1.300000000000000000e+01,2.220000000000000000e+02
4.620735347270965576e-01,1.300000000000000000e+01,1.070000000000000000e+02
4.619640409946441650e-01,1.300000000000000000e+01,2.390000000000000000e+02
4.593456387519836426e-01,1.300000000000000000e+01,1.490000000000000000e+02
4.577547013759613037e-01,1.300000000000000000e+01,1.190000000000000000e+02
4.558110237121582031e-01,1.300000000000000000e+01,1.550000000000000000e+02
4.557900726795196533e-01,1.300000000000000000e+01,2.260000000000000000e+02
4.523704648017883301e-01,1.300000000000000000e+01,1.530000000000000000e+02
4.512917101383209229e-01,1.300000000000000000e+01,2.520000000000000000e+02
4.498376250267028809e-01,1.300000000000000000e+01,1.820000000000000000e+02
4.470305740833282471e-01,1.300000000000000000e+01,1.800000000000000000e+02
4.442150890827178955e-01,1.300000000000000000e+01,5.900000000000000000e+01
4.435893297195434570e-01,1.300000000000000000e+01,1.740000000000000000e+02
4.429368972778320312e-01,1.300000000000000000e+01,2.000000000000000000e+01
4.414289295673370361e-01,1.300000000000000000e+01,2.250000000000000000e+02
4.408062398433685303e-01,1.300000000000000000e+01,2.500000000000000000e+02
4.393702745437622070e-01,1.300000000000000000e+01,1.650000000000000000e+02
4.382878541946411133e-01,1.300000000000000000e+01,1.010000000000000000e+02
4.376902282238006592e-01,1.300000000000000000e+01,4.100000000000000000e+01
5.921111702919006348e-01,1.200000000000000000e+01,1.000000000000000000e+00
5.813080072402954102e-01,1.200000000000000000e+01,0.000000000000000000e+00
5.136765837669372559e-01,1.200000000000000000e+01,2.120000000000000000e+02
5.013739466667175293e-01,1.200000000000000000e+01,2.360000000000000000e+02
4.982143640518188477e-01,1.200000000000000000e+01,2.280000000000000000e+02
4.736298322677612305e-01,1.200000000000000000e+01,2.570000000000000000e+02
4.690804779529571533e-01,1.200000000000000000e+01,4.200000000000000000e+01
4.598850011825561523e-01,1.200000000000000000e+01,2.240000000000000000e+02
4.577229022979736328e-01,1.200000000000000000e+01,2.390000000000000000e+02
4.543514847755432129e-01,1.200000000000000000e+01,1.070000000000000000e+02
4.531099200248718262e-01,1.200000000000000000e+01,2.380000000000000000e+02
4.518594741821289062e-01,1.200000000000000000e+01,1.960000000000000000e+02
4.496654272079467773e-01,1.200000000000000000e+01,2.290000000000000000e+02
4.428792893886566162e-01,1.200000000000000000e+01,1.400000000000000000e+02
4.408490657806396484e-01,1.200000000000000000e+01,5.700000000000000000e+01
4.408361315727233887e-01,1.200000000000000000e+01,7.100000000000000000e+01
4.383540451526641846e-01,1.200000000000000000e+01,7.700000000000000000e+01
6.442090272903442383e-01,1.100000000000000000e+01,1.000000000000000000e+00
6.136252880096435547e-01,1.100000000000000000e+01,0.000000000000000000e+00
5.564104914665222168e-01,1.100000000000000000e+01,2.390000000000000000e+02
5.289596319198608398e-01,1.100000000000000000e+01,2.330000000000000000e+02
5.275769233703613281e-01,1.100000000000000000e+01,2.300000000000000000e+02
5.209131240844726562e-01,1.100000000000000000e+01,2.310000000000000000e+02
5.206329226493835449e-01,1.100000000000000000e+01,2.200000000000000000e+02
5.079632401466369629e-01,1.100000000000000000e+01,2.400000000000000000e+02
5.050649046897888184e-01,1.100000000000000000e+01,2.320000000000000000e+02
4.967016875743865967e-01,1.100000000000000000e+01,2.290000000000000000e+02
4.892247319221496582e-01,1.100000000000000000e+01,2.490000000000000000e+02
4.863103926181793213e-01,1.100000000000000000e+01,2.350000000000000000e+02
4.851310551166534424e-01,1.100000000000000000e+01,2.550000000000000000e+02
4.837601184844970703e-01,1.100000000000000000e+01,2.360000000000000000e+02
4.821740090847015381e-01,1.100000000000000000e+01,2.340000000000000000e+02
4.813259840011596680e-01,1.100000000000000000e+01,2.230000000000000000e+02
4.754655659198760986e-01,1.100000000000000000e+01,2.570000000000000000e+02
4.727596938610076904e-01,1.100000000000000000e+01,2.170000000000000000e+02
4.694814383983612061e-01,1.100000000000000000e+01,2.380000000000000000e+02
4.679343700408935547e-01,1.100000000000000000e+01,2.180000000000000000e+02
4.631800949573516846e-01,1.100000000000000000e+01,2.190000000000000000e+02
4.619281589984893799e-01,1.100000000000000000e+01,2.140000000000000000e+02
4.520710408687591553e-01,1.100000000000000000e+01,2.260000000000000000e+02
4.470828771591186523e-01,1.100000000000000000e+01,2.370000000000000000e+02
4.394854307174682617e-01,1.100000000000000000e+01,2.150000000000000000e+02
4.387026429176330566e-01,1.100000000000000000e+01,1.900000000000000000e+02
5.696666836738586426e-01,1.000000000000000000e+01,0.000000000000000000e+00
5.411999821662902832e-01,1.000000000000000000e+01,2.300000000000000000e+02
5.236626863479614258e-01,1.000000000000000000e+01,2.120000000000000000e+02
5.184180736541748047e-01,1.000000000000000000e+01,2.340000000000000000e+02
5.128580927848815918e-01,1.000000000000000000e+01,1.970000000000000000e+02
5.059190988540649414e-01,1.000000000000000000e+01,2.230000000000000000e+02
4.937037527561187744e-01,1.000000000000000000e+01,2.290000000000000000e+02
4.908890128135681152e-01,1.000000000000000000e+01,2.130000000000000000e+02
4.847351908683776855e-01,1.000000000000000000e+01,1.000000000000000000e+00
4.844928085803985596e-01,1.000000000000000000e+01,2.170000000000000000e+02
4.827347993850708008e-01,1.000000000000000000e+01,2.490000000000000000e+02
4.802147746086120605e-01,1.000000000000000000e+01,2.320000000000000000e+02
4.753519296646118164e-01,1.000000000000000000e+01,2.310000000000000000e+02
4.685379862785339355e-01,1.000000000000000000e+01,2.010000000000000000e+02
4.624809026718139648e-01,1.000000000000000000e+01,2.260000000000000000e+02
4.615503549575805664e-01,1.000000000000000000e+01,2.270000000000000000e+02
4.558442234992980957e-01,1.000000000000000000e+01,2.160000000000000000e+02
4.558269083499908447e-01,1.000000000000000000e+01,2.000000000000000000e+02
4.545545876026153564e-01,1.000000000000000000e+01,2.140000000000000000e+02
4.533418416976928711e-01,1.000000000000000000e+01,2.400000000000000000e+02
4.512448310852050781e-01,1.000000000000000000e+01,1.990000000000000000e+02
4.483171999454498291e-01,1.000000000000000000e+01,2.560000000000000000e+02
4.476165771484375000e-01,1.000000000000000000e+01,1.560000000000000000e+02
4.458312392234802246e-01,1.000000000000000000e+01,1.610000000000000000e+02
4.437229633331298828e-01,1.000000000000000000e+01,1.840000000000000000e+02
4.435001015663146973e-01,1.000000000000000000e+01,2.520000000000000000e+02
4.429803490638732910e-01,1.000000000000000000e+01,2.380000000000000000e+02
4.418217241764068604e-01,1.000000000000000000e+01,2.360000000000000000e+02
4.406600296497344971e-01,1.000000000000000000e+01,2.060000000000000000e+02
4.393942952156066895e-01,1.000000000000000000e+01,2.250000000000000000e+02
4.393385052680969238e-01,1.000000000000000000e+01,2.220000000000000000e+02
4.391469061374664307e-01,1.000000000000000000e+01,1.130000000000000000e+02
4.377863407135009766e-01,1.000000000000000000e+01,2.430000000000000000e+02
5.801560282707214355e-01,9.000000000000000000e+00,0.000000000000000000e+00
5.102237462997436523e-01,9.000000000000000000e+00,3.000000000000000000e+00
4.903699159622192383e-01,9.000000000000000000e+00,1.980000000000000000e+02
4.589682519435882568e-01,9.000000000000000000e+00,5.600000000000000000e+01
4.573830962181091309e-01,9.000000000000000000e+00,2.300000000000000000e+02
4.568536579608917236e-01,9.000000000000000000e+00,2.190000000000000000e+02
4.556235074996948242e-01,9.000000000000000000e+00,2.120000000000000000e+02
4.470583796501159668e-01,9.000000000000000000e+00,2.140000000000000000e+02
4.422696232795715332e-01,9.000000000000000000e+00,2.280000000000000000e+02
4.404816925525665283e-01,9.000000000000000000e+00,2.080000000000000000e+02
4.380407631397247314e-01,9.000000000000000000e+00,2.350000000000000000e+02
4.374390244483947754e-01,9.000000000000000000e+00,2.380000000000000000e+02
6.144326925277709961e-01,8.000000000000000000e+00,0.000000000000000000e+00
5.470075607299804688e-01,8.000000000000000000e+00,2.250000000000000000e+02
4.889034330844879150e-01,8.000000000000000000e+00,1.190000000000000000e+02
4.728927016258239746e-01,8.000000000000000000e+00,1.360000000000000000e+02
4.715182781219482422e-01,8.000000000000000000e+00,1.000000000000000000e+00
4.711281359195709229e-01,8.000000000000000000e+00,2.560000000000000000e+02
4.687075912952423096e-01,8.000000000000000000e+00,1.350000000000000000e+02
4.649935960769653320e-01,8.000000000000000000e+00,2.380000000000000000e+02
4.633336365222930908e-01,8.000000000000000000e+00,2.200000000000000000e+02
4.607454836368560791e-01,8.000000000000000000e+00,2.130000000000000000e+02
4.546722769737243652e-01,8.000000000000000000e+00,2.260000000000000000e+02
4.538909494876861572e-01,8.000000000000000000e+00,2.900000000000000000e+01
4.538773894309997559e-01,8.000000000000000000e+00,2.180000000000000000e+02
4.509857892990112305e-01,8.000000000000000000e+00,2.120000000000000000e+02
4.500458240509033203e-01,8.000000000000000000e+00,2.140000000000000000e+02
4.484856128692626953e-01,8.000000000000000000e+00,2.550000000000000000e+02
4.483266770839691162e-01,8.000000000000000000e+00,1.720000000000000000e+02
4.472905993461608887e-01,8.000000000000000000e+00,1.330000000000000000e+02
4.469739496707916260e-01,8.000000000000000000e+00,3.200000000000000000e+01
4.452716112136840820e-01,8.000000000000000000e+00,1.510000000000000000e+02
4.443202316761016846e-01,8.000000000000000000e+00,2.300000000000000000e+02
4.440789818763732910e-01,8.000000000000000000e+00,2.230000000000000000e+02
4.431187212467193604e-01,8.000000000000000000e+00,2.400000000000000000e+01
4.427916705608367920e-01,8.000000000000000000e+00,1.230000000000000000e+02
4.414762556552886963e-01,8.000000000000000000e+00,3.300000000000000000e+01
4.405008554458618164e-01,8.000000000000000000e+00,2.290000000000000000e+02
4.395045638084411621e-01,8.000000000000000000e+00,1.320000000000000000e+02
4.394242465496063232e-01,8.000000000000000000e+00,2.430000000000000000e+02
4.389335811138153076e-01,8.000000000000000000e+00,2.390000000000000000e+02
4.378211200237274170e-01,8.000000000000000000e+00,1.340000000000000000e+02
5.259642004966735840e-01,7.000000000000000000e+00,2.400000000000000000e+02
4.607350826263427734e-01,7.000000000000000000e+00,3.000000000000000000e+00
4.503331780433654785e-01,7.000000000000000000e+00,0.000000000000000000e+00
4.441434442996978760e-01,7.000000000000000000e+00,2.430000000000000000e+02
4.805308878421783447e-01,6.000000000000000000e+00,1.340000000000000000e+02
4.738425612449645996e-01,6.000000000000000000e+00,1.010000000000000000e+02
4.735133051872253418e-01,6.000000000000000000e+00,2.190000000000000000e+02
4.694646000862121582e-01,6.000000000000000000e+00,1.330000000000000000e+02
4.674777984619140625e-01,6.000000000000000000e+00,3.000000000000000000e+00
4.624866247177124023e-01,6.000000000000000000e+00,2.560000000000000000e+02
4.620834887027740479e-01,6.000000000000000000e+00,1.520000000000000000e+02
4.545055329799652100e-01,6.000000000000000000e+00,8.600000000000000000e+01
4.503762423992156982e-01,6.000000000000000000e+00,1.180000000000000000e+02
4.454456567764282227e-01,6.000000000000000000e+00,1.300000000000000000e+02
4.438044726848602295e-01,6.000000000000000000e+00,8.500000000000000000e+01
4.437664747238159180e-01,6.000000000000000000e+00,1.510000000000000000e+02
4.426855742931365967e-01,6.000000000000000000e+00,1.350000000000000000e+02
4.391212165355682373e-01,6.000000000000000000e+00,2.370000000000000000e+02
5.318441987037658691e-01,5.000000000000000000e+00,1.500000000000000000e+02
5.253269076347351074e-01,5.000000000000000000e+00,1.340000000000000000e+02
5.198403596878051758e-01,5.000000000000000000e+00,1.350000000000000000e+02
5.144128203392028809e-01,5.000000000000000000e+00,1.330000000000000000e+02
5.090932846069335938e-01,5.000000000000000000e+00,1.400000000000000000e+02
4.987556338310241699e-01,5.000000000000000000e+00,1.360000000000000000e+02
4.981288909912109375e-01,5.000000000000000000e+00,1.060000000000000000e+02
4.978348612785339355e-01,5.000000000000000000e+00,1.240000000000000000e+02
4.966993033885955811e-01,5.000000000000000000e+00,1.780000000000000000e+02
4.942978322505950928e-01,5.000000000000000000e+00,1.650000000000000000e+02
4.870545864105224609e-01,5.000000000000000000e+00,1.510000000000000000e+02
4.868477582931518555e-01,5.000000000000000000e+00,1.170000000000000000e+02
4.854128956794738770e-01,5.000000000000000000e+00,1.180000000000000000e+02
4.819929003715515137e-01,5.000000000000000000e+00,1.750000000000000000e+02
4.787416756153106689e-01,5.000000000000000000e+00,1.210000000000000000e+02
4.775502383708953857e-01,5.000000000000000000e+00,1.010000000000000000e+02
4.772733747959136963e-01,5.000000000000000000e+00,1.460000000000000000e+02
4.761642515659332275e-01,5.000000000000000000e+00,1.660000000000000000e+02
4.736864566802978516e-01,5.000000000000000000e+00,1.050000000000000000e+02
4.730277657508850098e-01,5.000000000000000000e+00,1.370000000000000000e+02
4.724574983119964600e-01,5.000000000000000000e+00,1.070000000000000000e+02
4.696673750877380371e-01,5.000000000000000000e+00,1.230000000000000000e+02
4.694297611713409424e-01,5.000000000000000000e+00,1.200000000000000000e+02
4.669681787490844727e-01,5.000000000000000000e+00,1.120000000000000000e+02
4.665968418121337891e-01,5.000000000000000000e+00,1.820000000000000000e+02
4.651858210563659668e-01,5.000000000000000000e+00,1.190000000000000000e+02
4.604952037334442139e-01,5.000000000000000000e+00,1.910000000000000000e+02
4.585590958595275879e-01,5.000000000000000000e+00,1.420000000000000000e+02
4.583583772182464600e-01,5.000000000000000000e+00,1.270000000000000000e+02
4.573262929916381836e-01,5.000000000000000000e+00,1.300000000000000000e+02
4.572008550167083740e-01,5.000000000000000000e+00,1.220000000000000000e+02
4.571563899517059326e-01,5.000000000000000000e+00,1.490000000000000000e+02
4.563050568103790283e-01,5.000000000000000000e+00,1.570000000000000000e+02
4.562121033668518066e-01,5.000000000000000000e+00,8.700000000000000000e+01
4.559684097766876221e-01,5.000000000000000000e+00,1.670000000000000000e+02
4.538030922412872314e-01,5.000000000000000000e+00,1.320000000000000000e+02
4.536126852035522461e-01,5.000000000000000000e+00,1.000000000000000000e+02
4.514687359333038330e-01,5.000000000000000000e+00,1.970000000000000000e+02
4.496876597404479980e-01,5.000000000000000000e+00,1.620000000000000000e+02
4.495437443256378174e-01,5.000000000000000000e+00,1.440000000000000000e+02
4.495006501674652100e-01,5.000000000000000000e+00,1.680000000000000000e+02
4.486286044120788574e-01,5.000000000000000000e+00,1.410000000000000000e+02
4.464036524295806885e-01,5.000000000000000000e+00,9.200000000000000000e+01
4.454899430274963379e-01,5.000000000000000000e+00,9.100000000000000000e+01
4.435549378395080566e-01,5.000000000000000000e+00,1.560000000000000000e+02
4.418023228645324707e-01,5.000000000000000000e+00,1.390000000000000000e+02
4.417292475700378418e-01,5.000000000000000000e+00,9.300000000000000000e+01
4.409406185150146484e-01,5.000000000000000000e+00,8.500000000000000000e+01
4.408771097660064697e-01,5.000000000000000000e+00,1.530000000000000000e+02
4.399522840976715088e-01,5.000000000000000000e+00,1.430000000000000000e+02
4.389693737030029297e-01,5.000000000000000000e+00,1.080000000000000000e+02
4.383107423782348633e-01,5.000000000000000000e+00,1.110000000000000000e+02
4.374654293060302734e-01,5.000000000000000000e+00,2.390000000000000000e+02
4.546218812465667725e-01,4.000000000000000000e+00,2.410000000000000000e+02
4.514514207839965820e-01,4.000000000000000000e+00,1.530000000000000000e+02
4.392240047454833984e-01,4.000000000000000000e+00,1.280000000000000000e+02
4.383171796798706055e-01,4.000000000000000000e+00,1.560000000000000000e+02
4.658198356628417969e-01,2.000000000000000000e+00,6.400000000000000000e+01
4.535257518291473389e-01,2.000000000000000000e+00,4.300000000000000000e+01
4.482904970645904541e-01,0.000000000000000000e+00,6.400000000000000000e+01


